0 0.808594 0.369444 0.381771 0.738889
0 0.027083 0.412500 0.014583 0.030556
0 0.053385 0.422685 0.013021 0.025000
0 0.146094 0.452778 0.042188 0.068519
0 0.198698 0.524537 0.059896 0.099074
0 0.233073 0.471759 0.025521 0.034259
0 0.258333 0.495833 0.033333 0.041667
0 0.292708 0.467593 0.030208 0.031481
0 0.292187 0.485185 0.030208 0.037037
0 0.303385 0.523611 0.052604 0.078704
0 0.348958 0.489815 0.030208 0.035185
0 0.382812 0.520833 0.048958 0.065741
0 0.429948 0.547222 0.071354 0.094444
0 0.480990 0.507870 0.041146 0.050926
0 0.246875 0.464352 0.017708 0.023148
0 0.045833 0.487500 0.030208 0.047222
0 0.032292 0.468981 0.019792 0.026852
0 0.009896 0.478241 0.019792 0.034259
0 0.008333 0.448611 0.016667 0.023148
