1 0.887500 0.457639 0.017188 0.090278
0 0.046875 0.412500 0.093750 0.166667
0 0.032031 0.484722 0.064062 0.088889
0 0.131641 0.408333 0.052344 0.061111
0 0.237891 0.415278 0.049219 0.077778
0 0.283594 0.424306 0.028125 0.037500
0 0.261719 0.506944 0.076563 0.133333
0 0.242969 0.546528 0.071875 0.151389
0 0.148438 0.575000 0.182812 0.269444
0 0.070312 0.737500 0.140625 0.411111
0 0.307031 0.470139 0.029687 0.059722
0 0.329297 0.479861 0.032031 0.073611
0 0.362891 0.465972 0.060156 0.070833
0 0.381641 0.466667 0.053906 0.052778
0 0.408594 0.467361 0.079687 0.045833
0 0.450781 0.738194 0.382812 0.520833
0 0.531250 0.390278 0.150000 0.247222
0 0.639844 0.473611 0.067187 0.069444
0 0.627734 0.554861 0.114844 0.165278
0 0.690625 0.486806 0.037500 0.076389
0 0.737500 0.514583 0.100000 0.143056
0 0.872656 0.485417 0.096875 0.079167
0 0.828906 0.670139 0.276562 0.343056
0 0.985156 0.630556 0.028125 0.175000
0 0.118359 0.430556 0.057031 0.033333
0 0.168359 0.415278 0.027344 0.052778
