0 0.973698 0.578241 0.051562 0.197222
0 0.676823 0.559722 0.100521 0.119444
0 0.719271 0.539815 0.030208 0.070370
0 0.839844 0.514352 0.041146 0.030556
0 0.873177 0.516204 0.036979 0.026852
0 0.849219 0.517593 0.036979 0.024074
0 0.047135 0.552778 0.094271 0.094444
0 0.095052 0.531019 0.044271 0.054630
0 0.221875 0.529630 0.044792 0.050000
0 0.244271 0.526852 0.015625 0.025926
0 0.296094 0.531481 0.033854 0.038889
0 0.463542 0.530556 0.026042 0.037037
0 0.439063 0.523148 0.019792 0.027778
0 0.568750 0.525463 0.019792 0.026852
0 0.523438 0.505093 0.026042 0.067593
