0 0.050521 0.594444 0.101042 0.564815
0 0.126562 0.522685 0.127083 0.186111
0 0.210417 0.500000 0.072917 0.098148
0 0.315885 0.497685 0.069271 0.110185
0 0.376823 0.518981 0.097396 0.123148
0 0.482031 0.443981 0.042188 0.037963
0 0.476562 0.473148 0.026042 0.046296
0 0.492708 0.486574 0.040625 0.069444
0 0.543750 0.518519 0.090625 0.118519
0 0.574740 0.483333 0.041146 0.074074
0 0.591927 0.475926 0.030729 0.064815
0 0.616927 0.476852 0.024479 0.035185
0 0.635156 0.473148 0.020313 0.029630
0 0.645052 0.468981 0.019271 0.030556
0 0.634896 0.449537 0.022917 0.025000
