0 0.655208 0.547685 0.031250 0.076852
1 0.656510 0.527315 0.027604 0.078704
0 0.845573 0.510185 0.034896 0.079630
0 0.769531 0.511574 0.043229 0.069444
0 0.745313 0.506019 0.026042 0.052778
0 0.699479 0.510648 0.032292 0.049074
0 0.703906 0.478241 0.023438 0.036111
0 0.669271 0.504630 0.032292 0.050000
0 0.668750 0.482407 0.031250 0.046296
0 0.557292 0.535185 0.085417 0.122222
0 0.499219 0.529630 0.054688 0.096296
0 0.350781 0.515278 0.040104 0.039815
0 0.321615 0.524537 0.026562 0.032407
0 0.264583 0.531944 0.047917 0.047222
0 0.235156 0.511574 0.033854 0.043519
0 0.212500 0.538426 0.065625 0.060185
0 0.146875 0.486111 0.110417 0.159259
0 0.132552 0.540741 0.070312 0.081481
0 0.058854 0.599074 0.117708 0.170370
0 0.026823 0.514352 0.053646 0.049074
