0 0.316406 0.495833 0.042188 0.056481
0 0.427865 0.502778 0.015104 0.022222
0 0.529427 0.459259 0.013021 0.031481
0 0.539844 0.487500 0.011979 0.021296
0 0.540104 0.518056 0.018750 0.032407
0 0.498437 0.563426 0.094792 0.141667
0 0.629687 0.515741 0.018750 0.042593
0 0.645833 0.525926 0.022917 0.035185
0 0.668229 0.533796 0.034375 0.043519
0 0.709375 0.538889 0.043750 0.053704
0 0.761979 0.546759 0.050000 0.067593
0 0.829948 0.550926 0.104688 0.185185
0 0.899479 0.673611 0.200000 0.384259
0 0.413802 0.511574 0.018229 0.019444
