0 0.500781 0.446528 0.045312 0.070833
0 0.479687 0.443750 0.028125 0.054167
0 0.425781 0.438889 0.084375 0.075000
0 0.342969 0.439583 0.084375 0.095833
0 0.269922 0.445833 0.050781 0.075000
0 0.036719 0.712500 0.073438 0.325000
0 0.045312 0.561111 0.090625 0.133333
0 0.218750 0.636806 0.348438 0.301389
0 0.625391 0.676389 0.513281 0.352778
0 0.759766 0.496528 0.146094 0.231944
0 0.847266 0.531250 0.063281 0.223611
0 0.933594 0.525000 0.087500 0.169444
0 0.983594 0.518056 0.031250 0.138889
0 0.979688 0.567361 0.020313 0.070833
