0 0.448958 0.516204 0.018750 0.025000
0 0.508594 0.513426 0.016146 0.030556
0 0.534635 0.534722 0.032813 0.045370
0 0.549479 0.522685 0.016667 0.026852
0 0.602865 0.520370 0.028646 0.062963
0 0.624740 0.525926 0.015104 0.033333
0 0.642188 0.526852 0.031250 0.040741
0 0.657292 0.534259 0.019792 0.037037
0 0.676042 0.537963 0.034375 0.042593
0 0.707812 0.539815 0.033333 0.057407
0 0.733333 0.542130 0.045833 0.063889
0 0.778125 0.570370 0.112500 0.114815
0 0.854688 0.558796 0.064583 0.097222
0 0.937240 0.557407 0.124479 0.148148
0 0.630208 0.491667 0.018750 0.029630
