0 0.071875 0.714352 0.143750 0.421296
0 0.282031 0.588426 0.140104 0.169444
0 0.342969 0.506481 0.040104 0.051852
0 0.397917 0.561574 0.077083 0.113889
0 0.430990 0.534259 0.018229 0.037037
0 0.497135 0.610185 0.163021 0.227778
0 0.527344 0.521296 0.090104 0.068519
0 0.600781 0.525463 0.034896 0.080556
0 0.603385 0.522685 0.027604 0.025000
0 0.592708 0.550463 0.012500 0.037963
0 0.605469 0.550926 0.026562 0.046296
0 0.625000 0.552315 0.031250 0.058333
0 0.730990 0.437500 0.207813 0.443519
0 0.890365 0.463426 0.218229 0.793519
