0 0.048698 0.459259 0.089063 0.033333
0 0.399479 0.446296 0.013542 0.040741
0 0.414323 0.446296 0.017188 0.040741
0 0.434896 0.445833 0.016667 0.032407
0 0.426563 0.493519 0.043750 0.064815
0 0.483333 0.505556 0.075000 0.098148
0 0.506250 0.452778 0.052083 0.122222
0 0.543490 0.460185 0.023438 0.059259
0 0.572917 0.472685 0.014583 0.025000
0 0.590365 0.473148 0.025521 0.046296
0 0.669010 0.436111 0.076563 0.172222
0 0.815625 0.425926 0.273958 0.474074
0 0.964844 0.522685 0.069271 0.162037
0 0.456250 0.468981 0.027083 0.039815
