0 0.244531 0.488889 0.020313 0.025926
0 0.292708 0.491667 0.028125 0.024074
0 0.299479 0.460185 0.032292 0.059259
0 0.342708 0.448611 0.021875 0.037963
0 0.362240 0.448611 0.015104 0.028704
0 0.352083 0.525926 0.040625 0.053704
0 0.494271 0.568981 0.161458 0.310185
0 0.572656 0.488426 0.022396 0.030556
0 0.651042 0.459259 0.144792 0.305556
0 0.733854 0.471759 0.025000 0.063889
0 0.774219 0.468056 0.072396 0.082407
0 0.818229 0.499537 0.039583 0.023148
0 0.848958 0.500926 0.045833 0.024074
0 0.920312 0.485185 0.083333 0.059259
0 0.959115 0.518519 0.063021 0.059259
0 0.361979 0.469907 0.017708 0.023148
