0 0.509635 0.506019 0.016146 0.028704
0 0.541667 0.485185 0.029167 0.037037
0 0.541667 0.531481 0.045833 0.062963
0 0.579948 0.491667 0.021354 0.072222
0 0.610938 0.493519 0.051042 0.092593
0 0.761979 0.384259 0.089583 0.101852
0 0.706771 0.393981 0.051042 0.095370
0 0.670833 0.418981 0.036458 0.069444
0 0.762500 0.506944 0.089583 0.099074
0 0.711198 0.496296 0.046354 0.066667
0 0.681771 0.475000 0.046875 0.042593
0 0.722135 0.457407 0.180729 0.248148
0 0.655990 0.550000 0.093229 0.109259
0 0.934896 0.459722 0.129167 0.325000
