0 0.101302 0.536111 0.119271 0.155556
0 0.190625 0.517130 0.057292 0.137963
0 0.287240 0.544444 0.164062 0.220370
0 0.215885 0.440741 0.072396 0.070370
0 0.363802 0.523148 0.028646 0.079630
0 0.379167 0.512500 0.035417 0.067593
0 0.383333 0.479167 0.046875 0.115741
0 0.442448 0.521759 0.072396 0.093519
0 0.398958 0.459722 0.054167 0.115741
0 0.932552 0.584722 0.133854 0.304630
0 0.770573 0.528704 0.158854 0.200000
0 0.644792 0.522222 0.089583 0.109259
0 0.609115 0.494444 0.064062 0.129630
0 0.567187 0.506481 0.036458 0.070370
0 0.545573 0.503704 0.031771 0.057407
0 0.528125 0.501389 0.022917 0.054630
0 0.468750 0.497222 0.028125 0.050000
0 0.149219 0.462500 0.042188 0.041667
0 0.365625 0.514352 0.032292 0.073148
0 0.512240 0.454630 0.029687 0.042593
0 0.521354 0.481944 0.038542 0.082407
0 0.530208 0.464352 0.019792 0.047222
0 0.014583 0.549537 0.029167 0.108333
0 0.441146 0.461111 0.019792 0.029630
0 0.472917 0.472685 0.019792 0.034259
0 0.428646 0.442593 0.016667 0.062963
0 0.008333 0.468519 0.016667 0.051852
