0 0.027865 0.541667 0.055729 0.142593
0 0.029167 0.477778 0.038542 0.027778
0 0.166667 0.539352 0.122917 0.132407
0 0.314323 0.454630 0.170313 0.398148
0 0.388802 0.453241 0.027604 0.065741
0 0.425781 0.513889 0.074479 0.105556
0 0.481510 0.505093 0.045312 0.076852
0 0.506250 0.492130 0.019792 0.037963
0 0.524479 0.501389 0.035417 0.045370
0 0.538802 0.494444 0.017188 0.033333
0 0.567969 0.498148 0.040104 0.092593
0 0.592448 0.489815 0.013021 0.038889
0 0.664062 0.481944 0.017708 0.025000
0 0.642448 0.462963 0.029687 0.027778
0 0.604427 0.465741 0.027604 0.027778
