0 0.055208 0.396296 0.058333 0.068519
0 0.051302 0.412963 0.033854 0.029630
0 0.072396 0.404630 0.034375 0.038889
0 0.105208 0.397222 0.050000 0.040741
0 0.147917 0.409722 0.055208 0.087963
1 0.144271 0.399074 0.021875 0.111111
0 0.191927 0.411574 0.029687 0.054630
1 0.193229 0.400463 0.017708 0.075000
0 0.182812 0.357407 0.034375 0.024074
0 0.208594 0.376389 0.027604 0.032407
0 0.242708 0.374074 0.029167 0.027778
1 0.341406 0.382870 0.013021 0.058333
0 0.602604 0.370833 0.150000 0.110185
0 0.624740 0.388426 0.102604 0.115741
0 0.718229 0.432870 0.173958 0.247222
1 0.722396 0.363426 0.094792 0.302778
0 0.790365 0.395370 0.144271 0.203704
0 0.884635 0.393519 0.049479 0.031481
0 0.884115 0.431019 0.046354 0.062037
0 0.949219 0.391667 0.100521 0.070370
0 0.917188 0.443519 0.078125 0.085185
0 0.954167 0.466667 0.090625 0.112963
