0 0.517188 0.463889 0.037500 0.050000
0 0.513021 0.437037 0.025000 0.029630
0 0.518490 0.426389 0.016146 0.028704
0 0.534115 0.409722 0.011979 0.030556
0 0.547396 0.412963 0.019792 0.046296
0 0.558854 0.450926 0.017708 0.029630
0 0.578906 0.412037 0.024479 0.044444
0 0.572656 0.457870 0.024479 0.047222
0 0.585417 0.461574 0.012500 0.078704
0 0.926562 0.388889 0.144792 0.777778
0 0.636458 0.497685 0.080208 0.104630
0 0.624740 0.440741 0.083854 0.162963
0 0.445573 0.412500 0.017188 0.045370
0 0.454948 0.429167 0.015104 0.025000
0 0.482812 0.414815 0.013542 0.024074
