0 0.028906 0.562037 0.057813 0.048148
1 0.023958 0.521296 0.047917 0.062963
0 0.075781 0.548148 0.061979 0.062963
0 0.309115 0.537037 0.022396 0.024074
0 0.363021 0.513426 0.030208 0.043519
0 0.449479 0.530093 0.036458 0.049074
0 0.497396 0.569444 0.088542 0.118519
0 0.546875 0.521296 0.031250 0.048148
0 0.592708 0.528241 0.025000 0.034259
0 0.728646 0.531481 0.040625 0.057407
0 0.768750 0.533796 0.055208 0.078704
0 0.832292 0.544907 0.064583 0.097222
0 0.858333 0.554630 0.066667 0.096296
0 0.903906 0.562037 0.089063 0.105556
