0 0.059115 0.552315 0.118229 0.206481
0 0.211719 0.456944 0.185938 0.260185
0 0.306510 0.512500 0.032813 0.087963
0 0.317969 0.506481 0.043229 0.083333
0 0.345833 0.509259 0.019792 0.033333
0 0.503646 0.304630 0.140625 0.120370
0 0.507031 0.611111 0.318229 0.501852
0 0.649479 0.498611 0.027083 0.073148
0 0.669792 0.493519 0.020833 0.027778
0 0.761979 0.458796 0.057292 0.034259
0 0.816146 0.458796 0.055208 0.037963
0 0.881250 0.459722 0.096875 0.039815
0 0.970052 0.445833 0.058854 0.052778
1 0.938021 0.443981 0.019792 0.060185
1 0.920573 0.438426 0.007812 0.037963
1 0.912500 0.446759 0.033333 0.026852
0 0.916667 0.415741 0.165625 0.075926
0 0.936458 0.645833 0.126042 0.412037
