0 0.134635 0.475463 0.051562 0.050926
0 0.347135 0.429630 0.033854 0.053704
0 0.414062 0.427315 0.019792 0.037963
0 0.383333 0.521296 0.062500 0.081481
0 0.421094 0.490741 0.040104 0.059259
0 0.490104 0.525463 0.080208 0.117593
0 0.535156 0.428704 0.009896 0.038889
0 0.550000 0.430556 0.025000 0.051852
0 0.536719 0.478704 0.028646 0.033333
0 0.571354 0.451389 0.018750 0.047222
0 0.579167 0.431019 0.022917 0.049074
0 0.591667 0.487500 0.033333 0.043519
0 0.637500 0.447685 0.042708 0.099074
0 0.663542 0.505093 0.047917 0.060185
0 0.889062 0.424537 0.220833 0.449074
0 0.251302 0.473148 0.028646 0.031481
0 0.311719 0.477315 0.028646 0.023148
0 0.456510 0.464352 0.020313 0.039815
0 0.527344 0.441204 0.016146 0.025000
