0 0.764323 0.494907 0.017188 0.028704
0 0.645312 0.487500 0.039583 0.039815
0 0.595573 0.540278 0.057813 0.102778
0 0.625260 0.525000 0.015104 0.027778
0 0.663021 0.575926 0.100000 0.122222
0 0.536979 0.477315 0.045833 0.043519
0 0.552344 0.530093 0.025521 0.037963
0 0.455469 0.456944 0.046354 0.032407
0 0.479948 0.587500 0.156771 0.241667
0 0.396094 0.549074 0.030729 0.070370
0 0.332031 0.516204 0.128646 0.228704
0 0.188802 0.507407 0.078646 0.029630
0 0.201563 0.611111 0.175000 0.203704
0 0.049219 0.664815 0.098437 0.437037
