0 0.040365 0.457870 0.080729 0.076852
0 0.192448 0.472222 0.039062 0.044444
0 0.316406 0.459259 0.030729 0.048148
0 0.344792 0.460185 0.019792 0.042593
0 0.532552 0.465741 0.020313 0.048148
0 0.551302 0.461574 0.014063 0.047222
0 0.570052 0.456944 0.027604 0.054630
0 0.573698 0.505093 0.044271 0.062037
0 0.680990 0.567130 0.095312 0.125000
0 0.853385 0.605556 0.292187 0.388889
0 0.452865 0.489352 0.021354 0.030556
0 0.433854 0.500926 0.035417 0.048148
0 0.400000 0.493981 0.030208 0.036111
0 0.355208 0.509259 0.044792 0.057407
0 0.494792 0.550000 0.101042 0.150000
0 0.264323 0.554630 0.153646 0.211111
