0 0.753385 0.485648 0.069271 0.060185
0 0.753906 0.458796 0.068229 0.023148
0 0.791927 0.468056 0.021354 0.097222
0 0.649740 0.538426 0.096354 0.141667
0 0.509896 0.531019 0.081250 0.126852
0 0.045052 0.459259 0.090104 0.088889
0 0.018229 0.530556 0.036458 0.057407
0 0.070312 0.588889 0.139583 0.174074
0 0.149740 0.529167 0.052604 0.082407
0 0.196615 0.527315 0.067187 0.087963
0 0.219531 0.548611 0.092188 0.110185
0 0.205469 0.468981 0.051562 0.049074
0 0.267969 0.517593 0.042188 0.062963
0 0.295052 0.485185 0.034896 0.077778
0 0.339583 0.506944 0.051042 0.056481
0 0.358594 0.492130 0.028646 0.045370
0 0.381250 0.487037 0.022917 0.033333
0 0.395573 0.488889 0.020313 0.029630
0 0.401823 0.455556 0.023438 0.033333
0 0.424740 0.516204 0.047396 0.102778
0 0.611719 0.469907 0.014063 0.025000
