0 0.251563 0.438194 0.126562 0.126389
0 0.153516 0.479861 0.050781 0.034722
0 0.030469 0.520833 0.060937 0.066667
0 0.173437 0.695833 0.309375 0.405556
0 0.367188 0.768056 0.429688 0.461111
0 0.315625 0.502778 0.078125 0.072222
0 0.372656 0.511806 0.045312 0.051389
0 0.389062 0.509722 0.040625 0.052778
0 0.412891 0.495833 0.035156 0.038889
0 0.444141 0.512500 0.078906 0.066667
0 0.485938 0.511111 0.050000 0.088889
0 0.510156 0.510417 0.020313 0.062500
0 0.516797 0.500000 0.032031 0.058333
0 0.529687 0.463194 0.087500 0.045833
0 0.557031 0.486111 0.034375 0.050000
0 0.617969 0.459722 0.053125 0.111111
0 0.654297 0.492361 0.036719 0.065278
0 0.763672 0.565278 0.161719 0.136111
0 0.769141 0.461111 0.030469 0.055556
0 0.935937 0.825694 0.126562 0.345833
0 0.953906 0.471528 0.090625 0.148611
0 0.725391 0.489583 0.039844 0.043056
