0 0.008854 0.729630 0.017708 0.320370
0 0.073698 0.519907 0.131771 0.154630
0 0.113542 0.436574 0.132292 0.200926
0 0.201823 0.498611 0.078646 0.097222
0 0.285677 0.517593 0.116146 0.150000
0 0.221615 0.424537 0.015104 0.021296
0 0.244271 0.436111 0.014583 0.022222
0 0.255729 0.441204 0.016667 0.021296
0 0.286979 0.417130 0.023958 0.050926
0 0.346615 0.480093 0.044271 0.075000
0 0.367188 0.458333 0.016667 0.035185
0 0.384896 0.468519 0.016667 0.044444
0 0.398698 0.457870 0.018229 0.106481
0 0.472656 0.493056 0.147396 0.250926
0 0.551823 0.490741 0.029687 0.077778
0 0.586198 0.482870 0.043229 0.058333
0 0.695833 0.490278 0.077083 0.100926
0 0.017708 0.395833 0.015625 0.025000
0 0.241146 0.470370 0.013542 0.033333
