0 0.292187 0.471296 0.072917 0.079630
0 0.337760 0.473611 0.022396 0.052778
0 0.367708 0.470370 0.025000 0.048148
0 0.428906 0.486574 0.021354 0.023148
0 0.482812 0.505556 0.031250 0.044444
0 0.491406 0.497222 0.022396 0.042593
0 0.539583 0.483796 0.046875 0.095370
0 0.592708 0.476852 0.048958 0.064815
0 0.598698 0.537500 0.064062 0.082407
0 0.662760 0.508796 0.031771 0.039815
0 0.735156 0.478704 0.051562 0.111111
0 0.741927 0.495370 0.039062 0.042593
0 0.795052 0.602778 0.205729 0.246296
0 0.874479 0.465278 0.250000 0.347222
0 0.389323 0.462037 0.014063 0.031481
