0 0.156250 0.509722 0.025000 0.039815
0 0.426563 0.562963 0.077083 0.094444
0 0.470573 0.537037 0.026562 0.044444
0 0.512240 0.550000 0.040104 0.053704
0 0.587500 0.532407 0.027083 0.055556
0 0.607552 0.538889 0.013021 0.022222
0 0.633854 0.555556 0.057292 0.072222
0 0.667969 0.542130 0.028646 0.045370
0 0.719271 0.508796 0.075000 0.136111
0 0.758854 0.544444 0.030208 0.046296
0 0.804948 0.566667 0.088021 0.111111
0 0.841927 0.549074 0.069271 0.094444
0 0.922917 0.565741 0.108333 0.114815
0 0.983594 0.552778 0.031771 0.107407
