0 0.205859 0.525694 0.053906 0.095833
0 0.205469 0.543056 0.051562 0.113889
0 0.132031 0.575000 0.150000 0.211111
0 0.036328 0.687500 0.072656 0.361111
0 0.228125 0.479861 0.020313 0.048611
0 0.254297 0.482639 0.044531 0.076389
0 0.262500 0.495833 0.025000 0.075000
0 0.280078 0.504861 0.041406 0.087500
0 0.313672 0.510417 0.063281 0.081944
0 0.375391 0.622222 0.239844 0.244444
0 0.311719 0.798611 0.426563 0.400000
0 0.387500 0.415278 0.098437 0.161111
0 0.419141 0.498611 0.086719 0.069444
0 0.499219 0.541667 0.085938 0.127778
0 0.539062 0.568750 0.050000 0.156944
0 0.622656 0.603472 0.185938 0.265278
0 0.744531 0.687500 0.260937 0.319444
0 0.899219 0.802778 0.200000 0.391667
0 0.705078 0.463889 0.052344 0.061111
0 0.776953 0.475694 0.113281 0.087500
0 0.770312 0.484722 0.031250 0.086111
0 0.897656 0.497222 0.057813 0.066667
0 0.332031 0.461806 0.067187 0.051389
0 0.191016 0.468056 0.049219 0.030556
0 0.336719 0.511111 0.090625 0.044444
