0 0.373177 0.469444 0.026562 0.051852
0 0.488021 0.516667 0.040625 0.059259
0 0.534115 0.479630 0.034896 0.072222
0 0.549740 0.512037 0.032813 0.044444
0 0.583594 0.529630 0.055729 0.072222
0 0.557813 0.472685 0.016667 0.050926
0 0.578385 0.467130 0.025521 0.049074
0 0.604688 0.491667 0.018750 0.022222
0 0.630469 0.463426 0.031771 0.047222
0 0.624219 0.495370 0.024479 0.044444
0 0.641146 0.505556 0.022917 0.037037
0 0.704427 0.482407 0.117188 0.188889
0 0.672396 0.564815 0.114583 0.142593
0 0.888542 0.528241 0.058333 0.076852
0 0.407031 0.438426 0.013021 0.026852
