0 0.060417 0.512037 0.120833 0.266667
0 0.281510 0.498611 0.071354 0.089815
0 0.372396 0.485185 0.035417 0.055556
0 0.413281 0.496759 0.064062 0.086111
0 0.444531 0.446296 0.063021 0.138889
0 0.482031 0.450926 0.022396 0.059259
0 0.510417 0.468056 0.035417 0.084259
0 0.489323 0.430093 0.017188 0.032407
0 0.565625 0.477315 0.025000 0.043519
0 0.582812 0.483796 0.037500 0.047222
0 0.614844 0.479167 0.030729 0.039815
0 0.593229 0.448148 0.036458 0.055556
0 0.675260 0.486111 0.035937 0.079630
0 0.795573 0.402315 0.227604 0.397222
0 0.556510 0.413889 0.014063 0.031481
