1 0.793229 0.552778 0.011458 0.050000
1 0.702865 0.545833 0.017188 0.097222
0 0.007812 0.829167 0.015625 0.282407
0 0.019792 0.539352 0.039583 0.082407
0 0.236979 0.587037 0.109375 0.224074
0 0.135417 0.637500 0.270833 0.328704
0 0.440104 0.581481 0.063542 0.188889
0 0.521615 0.617593 0.180729 0.275926
0 0.738542 0.546296 0.051042 0.061111
0 0.750000 0.546296 0.037500 0.061111
0 0.774479 0.544444 0.047917 0.062963
0 0.779167 0.545833 0.038542 0.060185
0 0.825781 0.543519 0.063021 0.066667
0 0.887240 0.560185 0.113021 0.096296
0 0.984896 0.523611 0.029167 0.062037
