0 0.049609 0.611111 0.099219 0.261111
0 0.187500 0.679861 0.254688 0.295833
0 0.195312 0.504861 0.142187 0.076389
0 0.269531 0.522222 0.021875 0.066667
0 0.260156 0.464583 0.025000 0.040278
0 0.365625 0.519444 0.046875 0.094444
0 0.433203 0.521528 0.111719 0.179167
0 0.498437 0.515972 0.029687 0.098611
0 0.516016 0.489583 0.044531 0.076389
0 0.541016 0.452083 0.047656 0.109722
0 0.567578 0.425694 0.046094 0.079167
0 0.466016 0.433333 0.047656 0.066667
0 0.718359 0.511806 0.036719 0.126389
0 0.722656 0.483333 0.051562 0.086111
0 0.699219 0.460417 0.039062 0.062500
0 0.660937 0.442361 0.029687 0.040278
0 0.631641 0.451389 0.036719 0.052778
0 0.602734 0.493750 0.064844 0.090278
0 0.774609 0.538889 0.133594 0.197222
0 0.825000 0.468750 0.053125 0.093056
0 0.896094 0.500000 0.081250 0.127778
0 0.944531 0.663194 0.107813 0.301389
1 0.946875 0.602778 0.096875 0.322222
0 0.747266 0.424306 0.036719 0.034722
