0 0.027083 0.562037 0.054167 0.137037
0 0.185156 0.560185 0.104688 0.124074
0 0.241146 0.535648 0.029167 0.063889
0 0.340365 0.449537 0.172396 0.380556
0 0.432031 0.480556 0.040104 0.203704
0 0.461458 0.525000 0.019792 0.025926
0 0.489323 0.516667 0.026562 0.053704
0 0.508073 0.544907 0.059896 0.080556
0 0.682813 0.476389 0.068750 0.086111
0 0.640365 0.497685 0.030729 0.047222
0 0.706771 0.494907 0.055208 0.058333
0 0.716927 0.505556 0.049479 0.035185
0 0.791667 0.473148 0.100000 0.098148
0 0.827604 0.508796 0.062500 0.028704
0 0.937240 0.480556 0.124479 0.098148
0 0.868750 0.506019 0.044792 0.050926
0 0.469792 0.512963 0.016667 0.038889
