0 0.272135 0.497685 0.033854 0.043519
0 0.366927 0.483796 0.029687 0.062037
0 0.380469 0.493056 0.029687 0.043519
0 0.434896 0.495833 0.019792 0.023148
0 0.437500 0.452315 0.012500 0.026852
0 0.525260 0.491204 0.018229 0.026852
0 0.532552 0.445833 0.013021 0.026852
0 0.588021 0.535648 0.054167 0.069444
0 0.499740 0.546296 0.074479 0.109259
0 0.694531 0.527315 0.065104 0.097222
0 0.992188 0.470370 0.014583 0.053704
0 0.951562 0.502778 0.033333 0.040741
0 0.917969 0.535185 0.051562 0.070370
0 0.968490 0.552778 0.061979 0.096296
0 0.925260 0.507407 0.036979 0.027778
