0 0.050781 0.491667 0.092188 0.024074
0 0.215885 0.481019 0.057813 0.039815
0 0.266406 0.569444 0.150521 0.205556
0 0.395052 0.533796 0.067187 0.093519
0 0.434896 0.520370 0.027083 0.053704
0 0.363021 0.491204 0.017708 0.023148
0 0.501042 0.474537 0.106250 0.256481
0 0.589323 0.534722 0.051562 0.069444
0 0.629427 0.488889 0.060937 0.125926
0 0.657031 0.505093 0.040104 0.104630
0 0.750260 0.458333 0.147396 0.248148
0 0.723437 0.559259 0.152083 0.209259
0 0.965885 0.570833 0.067187 0.213889
0 0.566146 0.507407 0.026042 0.088889
0 0.580990 0.487037 0.018229 0.025926
0 0.701302 0.386574 0.034896 0.080556
0 0.727083 0.379167 0.046875 0.089815
0 0.774740 0.388426 0.096354 0.108333
0 0.782813 0.510185 0.057292 0.120370
