0 0.258594 0.543981 0.061979 0.069444
0 0.332813 0.539352 0.072917 0.104630
0 0.380990 0.517593 0.016146 0.031481
0 0.398438 0.523611 0.032292 0.041667
0 0.423438 0.513889 0.022917 0.035185
0 0.438802 0.500926 0.019271 0.037037
0 0.456250 0.525463 0.033333 0.041667
0 0.468750 0.513889 0.016667 0.029630
0 0.519010 0.486574 0.056771 0.132407
0 0.517188 0.534259 0.018750 0.061111
0 0.533333 0.534259 0.035417 0.074074
0 0.578646 0.549537 0.090625 0.158333
0 0.604427 0.581019 0.055729 0.178704
0 0.724740 0.507870 0.225521 0.460185
0 0.861198 0.680093 0.274479 0.606481
