0 0.269792 0.522685 0.038542 0.071296
0 0.335938 0.471296 0.030208 0.029630
0 0.360677 0.495833 0.019271 0.036111
0 0.388021 0.476389 0.033333 0.036111
0 0.376302 0.516667 0.026562 0.046296
0 0.390885 0.519444 0.013021 0.053704
0 0.396615 0.526389 0.016146 0.062037
0 0.434896 0.533796 0.065625 0.158333
0 0.536198 0.578241 0.164062 0.237963
0 0.209375 0.586111 0.163542 0.196296
0 0.060417 0.574537 0.120833 0.152778
0 0.336979 0.535648 0.070833 0.100926
0 0.444531 0.469907 0.055729 0.089815
0 0.498437 0.473148 0.052083 0.107407
0 0.298438 0.509722 0.014583 0.023148
