0 0.200260 0.495833 0.067187 0.050926
0 0.283333 0.502315 0.032292 0.034259
0 0.352083 0.544444 0.085417 0.133333
0 0.403906 0.550926 0.035937 0.079630
0 0.486979 0.487500 0.106250 0.254630
0 0.547917 0.530093 0.016667 0.050926
0 0.561979 0.514352 0.019792 0.058333
0 0.590625 0.525926 0.020833 0.025926
0 0.621094 0.526389 0.016146 0.052778
0 0.677344 0.516667 0.119271 0.255556
0 0.755469 0.540278 0.054688 0.128704
0 0.861458 0.555093 0.083333 0.095370
0 0.933073 0.554167 0.079687 0.236111
0 0.953646 0.646759 0.091667 0.571296
