0 0.086458 0.431481 0.172917 0.150000
0 0.069271 0.481944 0.108333 0.049074
1 0.264583 0.489815 0.012500 0.025926
0 0.205990 0.492593 0.074479 0.024074
0 0.274740 0.471296 0.050521 0.061111
0 0.319010 0.483796 0.056771 0.034259
0 0.290885 0.439815 0.045312 0.055556
1 0.367708 0.482407 0.008333 0.024074
0 0.447917 0.473148 0.016667 0.027778
0 0.403125 0.529630 0.084375 0.118519
0 0.475781 0.512963 0.039062 0.062963
0 0.533854 0.477778 0.092708 0.272222
0 0.600781 0.487963 0.028646 0.053704
0 0.660156 0.491667 0.072396 0.190741
0 0.392708 0.443519 0.036458 0.035185
0 0.577344 0.448148 0.022396 0.031481
