0 0.010677 0.526389 0.021354 0.123148
0 0.144010 0.520833 0.115104 0.128704
0 0.315885 0.520370 0.106771 0.137037
0 0.359896 0.487037 0.026042 0.053704
0 0.412240 0.490278 0.049479 0.063889
0 0.413802 0.446759 0.018229 0.025000
0 0.435937 0.455556 0.019792 0.027778
0 0.454688 0.471296 0.026042 0.042593
0 0.466146 0.460648 0.017708 0.028704
0 0.473958 0.448148 0.015625 0.022222
0 0.345313 0.435648 0.021875 0.039815
0 0.498437 0.494907 0.052083 0.075000
0 0.546875 0.472685 0.023958 0.045370
0 0.571615 0.478704 0.042188 0.064815
0 0.530990 0.446296 0.017188 0.025926
0 0.526302 0.429630 0.020313 0.042593
0 0.261719 0.449537 0.027604 0.032407
