0 0.095573 0.484722 0.068229 0.043519
0 0.243490 0.486574 0.079687 0.065741
0 0.260156 0.578241 0.146354 0.180556
0 0.388802 0.500463 0.057813 0.104630
0 0.411979 0.536574 0.061458 0.080556
0 0.422656 0.483333 0.020313 0.029630
0 0.449219 0.492130 0.025521 0.050926
0 0.471094 0.480556 0.016146 0.042593
0 0.458854 0.521296 0.023958 0.035185
0 0.501823 0.536111 0.079687 0.116667
0 0.530990 0.475926 0.017188 0.029630
0 0.536458 0.482407 0.020833 0.042593
0 0.541146 0.500000 0.019792 0.038889
0 0.552344 0.507870 0.027604 0.052778
0 0.558073 0.526852 0.021354 0.048148
0 0.602083 0.486574 0.080208 0.173148
0 0.696354 0.536574 0.129167 0.199074
0 0.978906 0.633796 0.041146 0.437963
0 0.974479 0.550926 0.050000 0.262963
