0 0.188542 0.480093 0.031250 0.026852
0 0.244271 0.472685 0.030208 0.032407
0 0.290885 0.442593 0.059896 0.087037
0 0.344010 0.444907 0.039062 0.056481
0 0.364583 0.435648 0.019792 0.049074
0 0.391406 0.429630 0.023438 0.038889
0 0.062240 0.712037 0.124479 0.512963
0 0.355469 0.525926 0.083854 0.122222
0 0.400781 0.511574 0.036979 0.067593
0 0.421094 0.492130 0.041146 0.062037
0 0.440104 0.478704 0.019792 0.035185
0 0.440625 0.472222 0.021875 0.033333
0 0.444271 0.465278 0.018750 0.028704
0 0.454427 0.456944 0.017188 0.023148
0 0.481510 0.532407 0.092188 0.135185
0 0.512500 0.434722 0.022917 0.054630
0 0.519271 0.458333 0.013542 0.053704
0 0.537760 0.462037 0.035937 0.120370
0 0.546354 0.491667 0.018750 0.092593
0 0.590625 0.471296 0.086458 0.192593
0 0.644792 0.538889 0.079167 0.142593
0 0.749219 0.560648 0.190104 0.249074
0 0.982292 0.709722 0.034375 0.402778
0 0.550000 0.517130 0.014583 0.065741
