0 0.155208 0.515741 0.100000 0.150000
0 0.250521 0.538426 0.134375 0.167593
0 0.304167 0.456019 0.039583 0.045370
0 0.354948 0.457870 0.034896 0.032407
0 0.354427 0.487500 0.036979 0.058333
0 0.374479 0.499537 0.042708 0.052778
0 0.388542 0.493056 0.018750 0.041667
0 0.417448 0.497685 0.043229 0.071296
0 0.475781 0.533333 0.107813 0.140741
0 0.503125 0.491667 0.043750 0.072222
0 0.519792 0.488426 0.027083 0.067593
0 0.539062 0.490741 0.018750 0.037037
0 0.550781 0.487963 0.017188 0.031481
0 0.560677 0.483796 0.019271 0.032407
0 0.541146 0.460648 0.023958 0.023148
0 0.605469 0.477315 0.016146 0.023148
