0 0.029167 0.471759 0.058333 0.063889
0 0.140885 0.462963 0.057813 0.068519
0 0.320052 0.461574 0.031771 0.039815
0 0.361979 0.468056 0.021875 0.032407
0 0.380729 0.469444 0.016667 0.027778
0 0.483073 0.516204 0.049479 0.065741
0 0.495312 0.493981 0.026042 0.037963
0 0.530469 0.484259 0.020313 0.025926
0 0.528906 0.474074 0.018229 0.040741
0 0.550781 0.475463 0.014063 0.037963
0 0.568229 0.456019 0.023958 0.030556
0 0.569010 0.505556 0.049479 0.070370
0 0.628125 0.506481 0.033333 0.053704
0 0.681510 0.544907 0.113021 0.160185
