0 0.062760 0.539815 0.125521 0.177778
0 0.253385 0.541667 0.166146 0.198148
0 0.268750 0.403241 0.096875 0.086111
0 0.336458 0.483333 0.036458 0.066667
0 0.381250 0.503241 0.077083 0.102778
0 0.420312 0.487963 0.034375 0.066667
0 0.376563 0.435185 0.044792 0.048148
0 0.430208 0.441667 0.013542 0.029630
0 0.435156 0.478704 0.018229 0.044444
0 0.509375 0.494444 0.154167 0.259259
0 0.583333 0.447685 0.037500 0.113889
0 0.594792 0.481481 0.020833 0.109259
0 0.647656 0.422222 0.105729 0.251852
0 0.715885 0.501389 0.124479 0.197222
0 0.807031 0.543056 0.165104 0.219444
0 0.926823 0.605556 0.145313 0.479630
