0 0.109375 0.441667 0.050000 0.086111
0 0.306250 0.479167 0.045312 0.066667
0 0.285938 0.498611 0.073438 0.094444
0 0.274609 0.531944 0.061719 0.113889
0 0.201172 0.562500 0.144531 0.191667
0 0.081641 0.685417 0.163281 0.318056
0 0.391406 0.533333 0.206250 0.119444
0 0.385937 0.791667 0.443750 0.413889
0 0.500391 0.439583 0.080469 0.187500
0 0.498828 0.507639 0.035156 0.073611
0 0.512891 0.515972 0.025781 0.084722
0 0.531641 0.525694 0.042969 0.101389
0 0.587109 0.543056 0.111719 0.169444
0 0.645703 0.584722 0.119531 0.188889
0 0.771484 0.620139 0.210156 0.351389
0 0.871875 0.726389 0.254688 0.508333
0 0.953906 0.451389 0.064062 0.047222
0 0.895312 0.444444 0.025000 0.055556
