0 0.221615 0.417130 0.076563 0.058333
0 0.296354 0.439352 0.035417 0.050926
0 0.333594 0.442593 0.044271 0.042593
0 0.370312 0.450000 0.021875 0.024074
0 0.409115 0.477778 0.058854 0.096296
0 0.493490 0.490741 0.057813 0.075926
0 0.496875 0.435185 0.038542 0.070370
0 0.545833 0.440741 0.016667 0.042593
0 0.575260 0.452315 0.052604 0.106481
0 0.619792 0.479630 0.073958 0.124074
0 0.892448 0.518981 0.214062 0.334259
0 0.869792 0.416667 0.240625 0.294444
0 0.217969 0.553704 0.173437 0.220370
0 0.390625 0.435185 0.027083 0.025926
