0 0.021094 0.583796 0.042188 0.187963
0 0.272135 0.557407 0.073438 0.088889
0 0.378906 0.556019 0.068229 0.087963
0 0.395052 0.539815 0.038021 0.059259
0 0.433854 0.537963 0.021875 0.038889
0 0.459375 0.536111 0.039583 0.068519
0 0.508333 0.516204 0.036458 0.075000
0 0.537240 0.537500 0.033854 0.050926
0 0.578906 0.530556 0.021354 0.029630
0 0.596354 0.518519 0.017708 0.044444
0 0.571354 0.525000 0.016667 0.029630
0 0.554948 0.526852 0.016146 0.033333
0 0.623437 0.508333 0.018750 0.048148
0 0.608594 0.511111 0.013021 0.040741
