0 0.239323 0.489815 0.093229 0.064815
0 0.340625 0.504630 0.041667 0.037037
0 0.369531 0.510648 0.029687 0.026852
0 0.501823 0.472685 0.013021 0.028704
0 0.535417 0.540278 0.045833 0.067593
0 0.557031 0.533333 0.018229 0.053704
0 0.600000 0.511111 0.033333 0.070370
0 0.599479 0.537037 0.013542 0.040741
0 0.615885 0.542593 0.038021 0.061111
0 0.656771 0.559722 0.076042 0.099074
0 0.624219 0.497685 0.019271 0.030556
0 0.649479 0.494444 0.025000 0.033333
0 0.681771 0.490741 0.016667 0.027778
0 0.736719 0.497685 0.105729 0.180556
0 0.835417 0.539815 0.039583 0.055556
0 0.564583 0.523611 0.013542 0.028704
