0 0.131510 0.495833 0.120313 0.167593
0 0.214062 0.457407 0.036458 0.024074
0 0.304948 0.507870 0.092188 0.121296
0 0.386979 0.440278 0.078125 0.162037
0 0.434115 0.459259 0.026562 0.059259
0 0.483073 0.459259 0.040104 0.094444
0 0.522396 0.455093 0.017708 0.037963
0 0.534375 0.451389 0.012500 0.034259
0 0.551302 0.456019 0.019271 0.041667
0 0.583073 0.466667 0.020313 0.025926
0 0.612240 0.459722 0.026562 0.049074
0 0.665365 0.496759 0.106771 0.150926
0 0.741146 0.473148 0.055208 0.072222
0 0.850521 0.480556 0.089583 0.111111
