0 0.147396 0.150000 0.294792 0.300000
0 0.332552 0.282407 0.088021 0.205556
0 0.108594 0.542593 0.217188 0.625926
0 0.236458 0.499074 0.180208 0.233333
0 0.208333 0.463889 0.413542 0.924074
0 0.427604 0.518519 0.050000 0.120370
0 0.454948 0.506019 0.043229 0.119444
0 0.481250 0.507870 0.017708 0.091667
0 0.521615 0.592593 0.117188 0.172222
0 0.559635 0.488889 0.048438 0.062963
0 0.573958 0.537500 0.021875 0.045370
0 0.600521 0.544444 0.048958 0.077778
0 0.650781 0.562963 0.086979 0.101852
0 0.788802 0.604630 0.191146 0.203704
