0 0.245312 0.567130 0.094792 0.110185
0 0.416146 0.517593 0.041667 0.031481
0 0.497135 0.565741 0.143229 0.261111
0 0.577083 0.548148 0.035417 0.066667
0 0.568750 0.501389 0.032292 0.034259
0 0.593750 0.531944 0.019792 0.060185
0 0.611979 0.522685 0.022917 0.030556
0 0.612760 0.545833 0.027604 0.030556
0 0.630469 0.543519 0.017188 0.100000
0 0.660417 0.525926 0.058333 0.174074
0 0.819531 0.425463 0.314063 0.615741
0 0.987240 0.450463 0.024479 0.489815
0 0.432552 0.554630 0.023438 0.075926
0 0.566927 0.570833 0.017188 0.089815
