0 0.122266 0.321528 0.244531 0.643056
0 0.280078 0.484028 0.047656 0.084722
0 0.390234 0.769444 0.780469 0.458333
0 0.480078 0.644444 0.433594 0.402778
0 0.662891 0.494444 0.078906 0.119444
0 0.702734 0.534722 0.102344 0.144444
0 0.733984 0.476389 0.047656 0.080556
0 0.760938 0.444444 0.031250 0.077778
0 0.831641 0.504167 0.091406 0.127778
0 0.967578 0.586806 0.063281 0.256944
1 0.987500 0.441667 0.012500 0.038889
1 0.980078 0.447917 0.007031 0.043056
1 0.972656 0.452778 0.010937 0.058333
0 0.283203 0.431944 0.058594 0.041667
