1 0.032422 0.577778 0.064844 0.316667
0 0.048828 0.498611 0.097656 0.147222
0 0.137109 0.441667 0.042969 0.052778
0 0.203125 0.455556 0.032813 0.036111
0 0.207813 0.481250 0.025000 0.056944
0 0.228516 0.485417 0.046094 0.062500
0 0.270313 0.478472 0.029687 0.062500
0 0.285547 0.479861 0.021094 0.065278
0 0.300781 0.481250 0.031250 0.073611
0 0.318750 0.484028 0.031250 0.087500
0 0.320703 0.495833 0.021094 0.088889
0 0.330078 0.498611 0.027344 0.125000
0 0.466797 0.329167 0.103906 0.075000
0 0.439844 0.452083 0.195312 0.187500
0 0.648438 0.687500 0.701562 0.622222
