0 0.078125 0.568981 0.152083 0.165741
0 0.220312 0.530556 0.068750 0.077778
0 0.282813 0.528241 0.057292 0.099074
0 0.325000 0.564815 0.122917 0.155556
0 0.313542 0.472222 0.020833 0.029630
0 0.364063 0.516204 0.043750 0.067593
0 0.391146 0.511574 0.030208 0.054630
0 0.401823 0.499074 0.019271 0.033333
0 0.416406 0.507870 0.019271 0.036111
0 0.453906 0.480093 0.059896 0.143519
0 0.383073 0.468519 0.019271 0.025926
0 0.529427 0.549074 0.094271 0.124074
0 0.109635 0.481944 0.053646 0.037963
0 0.009896 0.475463 0.019792 0.056481
0 0.559635 0.497685 0.021354 0.032407
0 0.130729 0.528241 0.044792 0.076852
