0 0.081250 0.429861 0.042188 0.065278
0 0.008594 0.453472 0.017188 0.043056
0 0.025000 0.475000 0.050000 0.061111
0 0.207031 0.516667 0.082812 0.136111
0 0.163672 0.551389 0.121094 0.183333
0 0.081641 0.627083 0.163281 0.245833
0 0.263281 0.477778 0.023438 0.061111
0 0.314844 0.468750 0.067187 0.093056
0 0.342969 0.519444 0.182812 0.094444
0 0.358203 0.763194 0.310156 0.454167
0 0.396875 0.399306 0.100000 0.151389
0 0.425000 0.488889 0.042188 0.052778
0 0.450391 0.501389 0.047656 0.075000
0 0.498047 0.527083 0.100781 0.126389
0 0.608203 0.568750 0.158594 0.234722
0 0.710156 0.630556 0.195312 0.261111
0 0.873437 0.741667 0.251563 0.513889
0 0.220703 0.427778 0.021094 0.036111
0 0.707422 0.452778 0.064844 0.061111
