0 0.170833 0.482407 0.098958 0.062963
0 0.295312 0.552778 0.139583 0.174074
0 0.449740 0.492130 0.038021 0.063889
0 0.484896 0.581944 0.141667 0.199074
0 0.552865 0.496296 0.035937 0.059259
0 0.582812 0.481019 0.025000 0.034259
0 0.564844 0.525463 0.031771 0.056481
0 0.607552 0.534722 0.077604 0.106481
0 0.721615 0.506019 0.075521 0.069444
0 0.696615 0.562037 0.129688 0.150000
0 0.832812 0.467130 0.069792 0.043519
0 0.814063 0.484722 0.037500 0.023148
0 0.886979 0.486574 0.034375 0.025000
0 0.921875 0.594907 0.155208 0.382407
