0 0.429427 0.487963 0.026562 0.033333
0 0.359375 0.489815 0.029167 0.029630
0 0.234115 0.453704 0.147396 0.101852
0 0.645573 0.468056 0.031771 0.043519
0 0.678125 0.497222 0.052083 0.042593
0 0.600781 0.487037 0.057813 0.096296
0 0.555729 0.474537 0.042708 0.067593
0 0.631510 0.543519 0.092188 0.111111
0 0.684115 0.443056 0.023438 0.045370
0 0.670573 0.443519 0.023438 0.042593
0 0.711719 0.435185 0.047396 0.055556
0 0.731250 0.561111 0.153125 0.151852
0 0.504948 0.611111 0.202604 0.279630
0 0.992708 0.531944 0.013542 0.113889
0 0.877865 0.537963 0.102604 0.101852
