1 0.760156 0.538889 0.084375 0.188889
0 0.136328 0.397222 0.021094 0.036111
0 0.025391 0.430556 0.033594 0.027778
0 0.060937 0.432639 0.037500 0.043056
0 0.031641 0.490972 0.063281 0.098611
0 0.047266 0.640972 0.094531 0.281944
0 0.115234 0.470833 0.053906 0.069444
0 0.144922 0.446528 0.044531 0.070833
0 0.182031 0.497917 0.070312 0.098611
0 0.308984 0.461111 0.086719 0.127778
0 0.352734 0.490278 0.039844 0.113889
0 0.378125 0.490278 0.025000 0.066667
0 0.291406 0.552083 0.159375 0.115278
0 0.333203 0.798611 0.425781 0.400000
0 0.607422 0.471528 0.113281 0.270833
