0 0.934115 0.523611 0.024479 0.037963
0 0.955990 0.520370 0.035937 0.046296
0 0.977865 0.523611 0.042188 0.050926
0 0.452083 0.480556 0.012500 0.025926
0 0.426302 0.491204 0.018229 0.039815
0 0.006771 0.486111 0.013542 0.107407
0 0.179167 0.636574 0.223958 0.275000
0 0.593750 0.512037 0.016667 0.024074
0 0.560417 0.491667 0.022917 0.059259
0 0.549740 0.510648 0.039062 0.080556
0 0.481510 0.500926 0.013021 0.022222
0 0.478125 0.511111 0.016667 0.027778
0 0.503906 0.482870 0.014063 0.034259
0 0.502865 0.529630 0.020313 0.031481
0 0.508333 0.537963 0.031250 0.044444
0 0.610938 0.555556 0.058333 0.075926
