0 0.851823 0.556481 0.224479 0.296296
0 0.624479 0.496296 0.065625 0.083333
0 0.596875 0.438426 0.066667 0.156481
0 0.553906 0.429630 0.030729 0.053704
0 0.518229 0.502315 0.102083 0.158333
0 0.471354 0.454167 0.018750 0.025000
0 0.460156 0.463426 0.023438 0.039815
0 0.454688 0.471759 0.027083 0.041667
0 0.453906 0.480556 0.026562 0.051852
0 0.445052 0.487500 0.031771 0.063889
0 0.411458 0.486111 0.052083 0.116667
0 0.371875 0.503704 0.096875 0.150000
0 0.297917 0.534259 0.136458 0.166667
0 0.208333 0.500926 0.093750 0.137037
0 0.326823 0.436111 0.013021 0.024074
0 0.149740 0.443981 0.046354 0.043519
