0 0.388021 0.502778 0.011458 0.024074
0 0.067969 0.594444 0.135937 0.170370
0 0.384896 0.537037 0.034375 0.040741
0 0.411458 0.526852 0.023958 0.042593
0 0.439844 0.533796 0.038021 0.056481
0 0.461979 0.525926 0.019792 0.031481
0 0.474479 0.518519 0.015625 0.029630
0 0.480729 0.509722 0.015625 0.034259
0 0.502604 0.528241 0.026042 0.034259
0 0.528125 0.500926 0.018750 0.042593
0 0.570052 0.491667 0.073438 0.164815
0 0.581510 0.552315 0.040104 0.082407
0 0.618490 0.556481 0.065104 0.107407
0 0.651563 0.574074 0.063542 0.133333
0 0.692448 0.587963 0.069271 0.198148
0 0.837240 0.616204 0.302604 0.399074
