1 0.111198 0.521296 0.007812 0.025926
1 0.119531 0.521296 0.008854 0.024074
1 0.938542 0.440278 0.014583 0.071296
1 0.912760 0.454630 0.008854 0.066667
1 0.833854 0.439352 0.013542 0.025000
1 0.832292 0.443056 0.012500 0.017593
1 0.706510 0.474074 0.006771 0.029630
1 0.383073 0.184722 0.009896 0.045370
0 0.233333 0.490741 0.039583 0.046296
0 0.370052 0.537963 0.095312 0.124074
0 0.405990 0.501852 0.023438 0.053704
0 0.445052 0.498611 0.031771 0.041667
0 0.457031 0.476389 0.034896 0.069444
0 0.500260 0.490741 0.020313 0.025926
0 0.533594 0.463889 0.047396 0.100000
0 0.569271 0.493056 0.041667 0.056481
0 0.601562 0.453241 0.068750 0.041667
0 0.614323 0.523611 0.082812 0.104630
0 0.674740 0.499537 0.053646 0.075000
0 0.790365 0.571296 0.186979 0.242593
0 0.924219 0.708333 0.150521 0.581481
1 0.718229 0.462500 0.007292 0.028704
