0 0.056771 0.490278 0.109375 0.134259
0 0.153906 0.506019 0.110937 0.125000
0 0.095833 0.418056 0.070833 0.062037
0 0.328385 0.505556 0.102604 0.131481
0 0.368750 0.457407 0.036458 0.053704
0 0.415365 0.464815 0.048438 0.062963
0 0.456510 0.438889 0.026562 0.042593
0 0.415625 0.422222 0.017708 0.022222
0 0.435937 0.428704 0.019792 0.025926
0 0.383594 0.410648 0.013021 0.021296
0 0.496875 0.474537 0.053125 0.076852
0 0.527865 0.409722 0.021354 0.041667
0 0.531250 0.422222 0.017708 0.025926
0 0.551042 0.441667 0.026042 0.048148
0 0.572135 0.452778 0.044271 0.068519
0 0.497396 0.434722 0.041667 0.023148
0 0.474479 0.424537 0.014583 0.023148
0 0.255469 0.434722 0.034896 0.021296
