1 0.563802 0.394907 0.009896 0.045370
0 0.820052 0.430556 0.057813 0.124074
0 0.618750 0.475926 0.105208 0.101852
0 0.410677 0.289352 0.015104 0.021296
0 0.434115 0.299074 0.016146 0.024074
0 0.359375 0.300463 0.014583 0.025000
0 0.354167 0.306481 0.012500 0.024074
0 0.346615 0.312037 0.015104 0.027778
0 0.342187 0.319444 0.016667 0.025926
0 0.332552 0.326852 0.016146 0.027778
0 0.322396 0.334259 0.019792 0.033333
0 0.304427 0.350926 0.025521 0.025926
0 0.284115 0.364815 0.027604 0.050000
0 0.259896 0.376852 0.032292 0.053704
0 0.235937 0.401852 0.036458 0.057407
0 0.308594 0.444907 0.076563 0.156481
0 0.037500 0.455556 0.075000 0.131481
0 0.135677 0.519444 0.230729 0.268519
0 0.434375 0.519907 0.236458 0.395370
