0 0.091146 0.407870 0.182292 0.200926
0 0.389062 0.534722 0.072917 0.093519
0 0.430208 0.471759 0.021875 0.028704
0 0.460156 0.466204 0.020313 0.032407
0 0.482552 0.495833 0.027604 0.050926
0 0.479167 0.463426 0.016667 0.023148
0 0.510938 0.537963 0.076042 0.103704
0 0.525781 0.487037 0.060937 0.137037
0 0.559635 0.485185 0.016146 0.051852
0 0.604427 0.465741 0.047396 0.116667
0 0.617969 0.497222 0.056771 0.125926
0 0.633594 0.440741 0.014063 0.037037
0 0.616406 0.470833 0.035937 0.067593
0 0.312500 0.487963 0.031250 0.020370
