0 0.011719 0.529167 0.023438 0.050000
0 0.027734 0.520833 0.055469 0.044444
0 0.056641 0.516667 0.041406 0.047222
0 0.030859 0.477083 0.041406 0.040278
0 0.130859 0.529167 0.114844 0.216667
1 0.212109 0.509722 0.016406 0.055556
0 0.374609 0.526389 0.114844 0.083333
0 0.476172 0.507639 0.050781 0.079167
0 0.420703 0.491667 0.055469 0.047222
0 0.308594 0.473611 0.195312 0.102778
0 0.881250 0.480556 0.235937 0.550000
0 0.726562 0.519444 0.103125 0.266667
0 0.626953 0.488889 0.114844 0.247222
0 0.510156 0.484028 0.040625 0.054167
