0 0.389062 0.500694 0.134375 0.284722
0 0.498828 0.453472 0.086719 0.173611
0 0.558203 0.426389 0.027344 0.063889
0 0.099219 0.559028 0.179688 0.273611
0 0.011719 0.559722 0.021875 0.066667
0 0.056641 0.795833 0.113281 0.405556
0 0.242578 0.634028 0.178906 0.256944
0 0.260547 0.467361 0.025781 0.045833
0 0.322266 0.530556 0.027344 0.102778
0 0.477734 0.516667 0.042969 0.111111
0 0.550391 0.484722 0.019531 0.072222
0 0.602344 0.493750 0.065625 0.090278
0 0.631641 0.452778 0.038281 0.055556
1 0.686328 0.440972 0.016406 0.037500
0 0.682422 0.452778 0.033594 0.055556
0 0.704297 0.475694 0.047656 0.073611
0 0.908594 0.497917 0.100000 0.120833
0 0.764844 0.520833 0.118750 0.172222
0 0.673047 0.427778 0.022656 0.038889
