0 0.036719 0.489815 0.051562 0.025926
0 0.197656 0.474074 0.041146 0.061111
0 0.123698 0.526389 0.144271 0.193519
0 0.311979 0.461111 0.204167 0.351852
0 0.438802 0.524074 0.065104 0.090741
0 0.477083 0.518519 0.038542 0.072222
0 0.459375 0.471759 0.037500 0.025000
0 0.510417 0.518519 0.037500 0.048148
0 0.530208 0.509722 0.018750 0.032407
0 0.553125 0.507870 0.018750 0.041667
0 0.577604 0.486574 0.042708 0.121296
0 0.622917 0.501389 0.016667 0.023148
0 0.658333 0.499074 0.014583 0.022222
0 0.011198 0.491667 0.022396 0.024074
