0 0.086979 0.693056 0.172917 0.517593
0 0.095833 0.459259 0.092708 0.083333
0 0.760156 0.560185 0.146354 0.177778
0 0.687240 0.482870 0.069271 0.134259
0 0.603385 0.477778 0.082812 0.153704
0 0.334375 0.478241 0.025000 0.032407
0 0.365885 0.482407 0.024479 0.024074
0 0.387760 0.478704 0.021354 0.025926
0 0.469531 0.503241 0.021354 0.030556
0 0.453125 0.510185 0.017708 0.048148
0 0.423177 0.514815 0.058854 0.083333
0 0.503385 0.503241 0.029687 0.043519
0 0.543750 0.482870 0.022917 0.084259
0 0.558594 0.487037 0.022396 0.107407
