0 0.057813 0.568519 0.115625 0.196296
0 0.073438 0.468519 0.101042 0.081481
0 0.133594 0.486574 0.019271 0.047222
0 0.298698 0.452778 0.225521 0.401852
0 0.421875 0.488426 0.052083 0.136111
0 0.485417 0.606481 0.183333 0.248148
0 0.510156 0.462037 0.051562 0.040741
0 0.563802 0.490741 0.041146 0.111111
0 0.568229 0.458796 0.032292 0.043519
0 0.567969 0.506019 0.031771 0.039815
0 0.595052 0.512500 0.020313 0.052778
0 0.713542 0.523611 0.041667 0.049074
0 0.865365 0.537963 0.090104 0.094444
0 0.968229 0.724537 0.062500 0.549074
0 0.561458 0.454167 0.028125 0.037963
