0 0.057031 0.445139 0.067187 0.090278
0 0.126562 0.483333 0.050000 0.097222
0 0.173437 0.476389 0.045312 0.097222
0 0.179297 0.504861 0.022656 0.040278
0 0.215234 0.529861 0.074219 0.084722
0 0.187500 0.599306 0.084375 0.145833
0 0.089844 0.644444 0.179688 0.300000
0 0.326172 0.461806 0.066406 0.056944
0 0.277344 0.513889 0.020313 0.058333
0 0.298438 0.518750 0.045312 0.065278
0 0.342187 0.520833 0.059375 0.066667
0 0.385547 0.525000 0.089844 0.058333
0 0.349219 0.775694 0.428125 0.445833
0 0.486719 0.459722 0.132812 0.261111
0 0.563281 0.590278 0.115625 0.150000
0 0.765234 0.723611 0.269531 0.344444
0 0.950781 0.860417 0.096875 0.276389
0 0.586328 0.525000 0.066406 0.080556
0 0.660937 0.552778 0.093750 0.127778
0 0.785156 0.534722 0.109375 0.066667
0 0.969531 0.514583 0.059375 0.070833
0 0.974609 0.688194 0.049219 0.215278
