0 0.169792 0.466667 0.030208 0.038889
0 0.329167 0.461574 0.021875 0.021296
0 0.392969 0.466204 0.020313 0.026852
0 0.396094 0.457407 0.019271 0.029630
0 0.419010 0.443519 0.021354 0.024074
0 0.424740 0.460185 0.019271 0.027778
0 0.437240 0.475000 0.023438 0.033333
0 0.480208 0.549537 0.116667 0.175000
0 0.540625 0.489352 0.043750 0.076852
0 0.577604 0.459722 0.045833 0.084259
0 0.576302 0.513426 0.044271 0.071296
0 0.591927 0.524537 0.069271 0.087963
0 0.607812 0.475000 0.034375 0.038889
0 0.630729 0.489352 0.029167 0.060185
0 0.679167 0.485648 0.091667 0.106481
0 0.891406 0.538426 0.108854 0.117593
0 0.486979 0.427778 0.023958 0.020370
