0 0.312500 0.470370 0.047917 0.050000
0 0.340104 0.474074 0.012500 0.037037
0 0.350000 0.476389 0.021875 0.030556
0 0.443490 0.464352 0.014063 0.026852
0 0.249740 0.552315 0.091146 0.106481
0 0.298177 0.515278 0.045312 0.071296
0 0.357031 0.523148 0.044271 0.062963
0 0.426823 0.471296 0.023438 0.035185
0 0.411458 0.529167 0.054167 0.080556
0 0.432292 0.502778 0.015625 0.031481
0 0.439844 0.496296 0.017188 0.029630
0 0.464323 0.493056 0.027604 0.065741
0 0.498958 0.556481 0.087500 0.112963
0 0.529427 0.470833 0.018229 0.047222
0 0.546615 0.483796 0.022396 0.039815
0 0.550260 0.507407 0.020313 0.051852
0 0.561719 0.513889 0.021354 0.055556
0 0.570833 0.525463 0.025000 0.069444
0 0.610156 0.492130 0.065104 0.189815
0 0.679167 0.506481 0.107292 0.222222
0 0.676823 0.573148 0.069271 0.157407
0 0.765365 0.575463 0.160938 0.243519
0 0.887500 0.647222 0.223958 0.348148
0 0.392188 0.469444 0.017708 0.027778
0 0.914062 0.462500 0.092708 0.032407
