0 0.803906 0.576389 0.171354 0.256481
0 0.592448 0.512500 0.055729 0.104630
0 0.092708 0.480093 0.089583 0.071296
0 0.237500 0.498611 0.059375 0.032407
0 0.337240 0.557407 0.097396 0.124074
0 0.426042 0.531944 0.044792 0.058333
0 0.455469 0.502778 0.020313 0.042593
0 0.469271 0.494444 0.014583 0.027778
0 0.468750 0.521759 0.018750 0.028704
0 0.508854 0.537500 0.069792 0.100926
0 0.507552 0.477315 0.029687 0.023148
0 0.542448 0.519444 0.014063 0.025926
0 0.552865 0.523611 0.011979 0.036111
0 0.561458 0.525463 0.017708 0.043519
