0 0.378385 0.559722 0.048438 0.054630
0 0.418750 0.546759 0.025000 0.052778
0 0.450000 0.554630 0.054167 0.077778
0 0.486979 0.544444 0.027083 0.037037
0 0.507031 0.535648 0.021354 0.032407
0 0.538021 0.546296 0.030208 0.038889
0 0.518490 0.523148 0.016146 0.035185
0 0.600000 0.508796 0.062500 0.141667
0 0.602865 0.559722 0.024479 0.067593
0 0.626563 0.560185 0.048958 0.083333
0 0.635417 0.570833 0.033333 0.082407
0 0.694531 0.582870 0.124479 0.195370
0 0.760417 0.632407 0.106250 0.253704
0 0.891927 0.521296 0.215104 0.787037
