0 0.297135 0.474537 0.035937 0.062037
0 0.353385 0.469907 0.015104 0.023148
0 0.384896 0.465278 0.015625 0.025000
0 0.421615 0.452778 0.024479 0.053704
0 0.439583 0.448148 0.014583 0.037037
0 0.376042 0.548148 0.089583 0.129630
0 0.437760 0.531019 0.046354 0.062037
0 0.463281 0.514815 0.033854 0.055556
0 0.476302 0.501852 0.019271 0.033333
0 0.488021 0.482407 0.016667 0.025926
0 0.515365 0.471296 0.018229 0.020370
0 0.525000 0.544444 0.081250 0.118519
0 0.538802 0.440741 0.019271 0.031481
0 0.545573 0.453704 0.021354 0.044444
0 0.556510 0.478241 0.023438 0.080556
0 0.591667 0.492593 0.056250 0.127778
0 0.617969 0.534259 0.039062 0.088889
0 0.669792 0.544444 0.100000 0.137037
0 0.897396 0.594444 0.204167 0.318519
0 0.116406 0.680556 0.232813 0.427778
