0 0.055990 0.681944 0.111979 0.500926
0 0.190625 0.620370 0.203125 0.285185
0 0.309635 0.580093 0.101562 0.173148
0 0.354167 0.553241 0.039583 0.113889
0 0.478125 0.618056 0.238542 0.378704
0 0.486979 0.377315 0.141667 0.112037
0 0.616146 0.549074 0.032292 0.035185
0 0.638281 0.539352 0.038021 0.054630
0 0.672396 0.546759 0.032292 0.039815
0 0.690885 0.549074 0.018229 0.035185
0 0.855990 0.528704 0.102604 0.062963
0 0.921094 0.541667 0.042188 0.031481
0 0.947656 0.542130 0.056771 0.026852
0 0.972917 0.515741 0.053125 0.064815
