0 0.681771 0.504167 0.073958 0.106481
0 0.598958 0.462500 0.018750 0.037963
0 0.625781 0.460185 0.014063 0.024074
0 0.643490 0.453704 0.014063 0.024074
0 0.613281 0.461111 0.013021 0.027778
0 0.547396 0.467130 0.026042 0.034259
0 0.483333 0.445370 0.021875 0.033333
0 0.492708 0.479630 0.036458 0.044444
0 0.533854 0.442130 0.012500 0.026852
0 0.428125 0.488889 0.046875 0.074074
0 0.375521 0.508333 0.084375 0.122222
0 0.215625 0.554630 0.198958 0.231481
0 0.197396 0.417130 0.089583 0.054630
0 0.669792 0.435185 0.017708 0.035185
