0 0.360677 0.502315 0.026562 0.025000
0 0.263802 0.500463 0.041146 0.028704
0 0.065885 0.434722 0.131771 0.165741
0 0.772917 0.500926 0.109375 0.085185
0 0.705729 0.500463 0.038542 0.143519
0 0.639323 0.506481 0.098437 0.187037
0 0.571875 0.500926 0.066667 0.142593
0 0.551302 0.555556 0.045312 0.124074
0 0.478385 0.603241 0.168229 0.236111
0 0.878646 0.462037 0.080208 0.051852
0 0.950000 0.492130 0.098958 0.119444
0 0.966927 0.568981 0.065104 0.176852
0 0.956510 0.344907 0.085938 0.128704
0 0.885156 0.378704 0.079687 0.098148
0 0.831771 0.392130 0.075000 0.087963
0 0.823698 0.612500 0.260937 0.276852
