0 0.032813 0.688889 0.065625 0.294444
0 0.018750 0.523148 0.037500 0.057407
0 0.048177 0.558796 0.084896 0.123148
0 0.135417 0.571759 0.154167 0.175000
0 0.206510 0.511111 0.041146 0.037037
0 0.395313 0.691667 0.447917 0.614815
0 0.588802 0.540741 0.085938 0.200000
0 0.593229 0.460648 0.068750 0.062037
0 0.616927 0.491204 0.050521 0.132407
0 0.696875 0.484259 0.027083 0.037037
0 0.672396 0.526852 0.017708 0.050000
0 0.696354 0.537963 0.057292 0.072222
0 0.759375 0.555556 0.067708 0.122222
0 0.851042 0.572685 0.164583 0.217593
0 0.970833 0.654630 0.057292 0.240741
0 0.657292 0.514815 0.014583 0.037037
