0 0.014844 0.839583 0.029687 0.318056
0 0.083203 0.740278 0.166406 0.419444
0 0.186719 0.670833 0.126562 0.255556
0 0.253125 0.625694 0.129688 0.201389
0 0.283984 0.588194 0.105469 0.179167
0 0.339062 0.568056 0.057813 0.133333
0 0.408594 0.504861 0.048438 0.065278
0 0.456250 0.475000 0.046875 0.058333
0 0.516406 0.459722 0.053125 0.047222
0 0.419141 0.452778 0.047656 0.036111
0 0.473828 0.445833 0.047656 0.052778
0 0.443359 0.440278 0.063281 0.036111
0 0.617578 0.436111 0.049219 0.044444
0 0.268359 0.459722 0.041406 0.036111
