0 0.078906 0.468056 0.096875 0.211111
0 0.141016 0.458333 0.039844 0.047222
0 0.166797 0.436806 0.044531 0.054167
0 0.243750 0.506944 0.106250 0.211111
0 0.219922 0.554861 0.121094 0.187500
0 0.133203 0.584722 0.172656 0.208333
0 0.535156 0.368056 0.170313 0.272222
0 0.314844 0.486111 0.032813 0.072222
0 0.316016 0.495833 0.024219 0.080556
0 0.327344 0.500000 0.026562 0.097222
0 0.360938 0.504167 0.075000 0.138889
0 0.407422 0.532639 0.133594 0.184722
0 0.473438 0.670139 0.268750 0.429167
0 0.655469 0.448611 0.075000 0.075000
0 0.615234 0.537500 0.099219 0.144444
0 0.711328 0.588889 0.171094 0.241667
0 0.875000 0.689583 0.248438 0.601389
