0 0.150260 0.447222 0.066146 0.040741
0 0.268490 0.430093 0.069271 0.073148
0 0.327344 0.436574 0.031771 0.056481
0 0.348438 0.451389 0.016667 0.026852
0 0.371094 0.497222 0.071354 0.090741
0 0.424219 0.482407 0.041146 0.050000
0 0.453906 0.470370 0.025521 0.035185
0 0.494792 0.446759 0.043750 0.100926
0 0.524479 0.437037 0.022917 0.051852
0 0.509635 0.484259 0.043229 0.055556
0 0.547396 0.461574 0.022917 0.034259
0 0.572656 0.472222 0.034896 0.046296
0 0.590885 0.463426 0.015104 0.030556
0 0.591146 0.426852 0.023958 0.040741
0 0.690885 0.450926 0.085938 0.153704
