0 0.110417 0.373611 0.032292 0.052778
1 0.075260 0.383333 0.003646 0.022222
1 0.080208 0.382407 0.004167 0.024074
0 0.134115 0.375000 0.013021 0.020370
1 0.197656 0.378704 0.007812 0.072222
1 0.184115 0.383796 0.009896 0.084259
1 0.212240 0.370370 0.013021 0.070370
1 0.220833 0.371296 0.010417 0.068519
1 0.241146 0.372685 0.017708 0.076852
0 0.231510 0.362500 0.015104 0.028704
1 0.354948 0.363889 0.015104 0.087037
1 0.338542 0.364352 0.015625 0.091667
1 0.500521 0.365741 0.021875 0.035185
0 0.566667 0.382407 0.088542 0.072222
0 0.643229 0.385185 0.084375 0.087037
0 0.730990 0.404167 0.073438 0.084259
0 0.832812 0.411574 0.013542 0.023148
0 0.963802 0.466204 0.018229 0.034259
