0 0.624740 0.562963 0.103646 0.155556
0 0.892448 0.717593 0.214062 0.492593
0 0.572135 0.500000 0.052604 0.107407
0 0.678125 0.482407 0.025000 0.035185
1 0.736458 0.456944 0.006250 0.037963
0 0.274740 0.532870 0.071354 0.097222
0 0.360417 0.531019 0.036458 0.039815
0 0.380208 0.521296 0.029167 0.048148
0 0.411979 0.518056 0.021875 0.028704
0 0.404687 0.501389 0.016667 0.026852
0 0.535156 0.493519 0.021354 0.025926
0 0.540625 0.497685 0.012500 0.034259
0 0.440885 0.516667 0.022396 0.037037
0 0.460417 0.519444 0.027083 0.031481
0 0.477344 0.506481 0.024479 0.029630
0 0.501042 0.494907 0.022917 0.028704
0 0.489844 0.490278 0.015104 0.030556
0 0.451562 0.493981 0.019792 0.023148
0 0.430990 0.500463 0.018229 0.023148
0 0.420833 0.497685 0.014583 0.025000
0 0.385156 0.487037 0.013021 0.022222
