0 0.077083 0.559259 0.067708 0.114815
0 0.170833 0.492593 0.165625 0.288889
0 0.319531 0.505556 0.020313 0.022222
0 0.352865 0.500463 0.027604 0.032407
0 0.386979 0.531481 0.026042 0.037037
0 0.413802 0.535185 0.031771 0.044444
0 0.434375 0.523148 0.015625 0.024074
0 0.512500 0.525926 0.040625 0.098148
0 0.588021 0.606944 0.147917 0.217593
0 0.646615 0.487037 0.074479 0.059259
0 0.665104 0.562963 0.056250 0.092593
0 0.761719 0.450000 0.161979 0.179630
0 0.761719 0.575926 0.155729 0.198148
0 0.905990 0.672222 0.186979 0.479630
0 0.854167 0.504167 0.063542 0.062037
