0 0.096615 0.503704 0.148438 0.201852
0 0.175260 0.443519 0.051562 0.044444
0 0.281771 0.494444 0.046875 0.075926
0 0.335938 0.513889 0.094792 0.124074
0 0.401042 0.441667 0.079167 0.164815
0 0.451562 0.455093 0.028125 0.060185
0 0.494271 0.464352 0.042708 0.097222
0 0.532031 0.454630 0.016146 0.037037
0 0.557552 0.454167 0.018229 0.039815
0 0.563802 0.464815 0.018229 0.024074
0 0.608073 0.460185 0.024479 0.042593
0 0.632292 0.465741 0.025000 0.044444
0 0.669271 0.503241 0.086458 0.123148
0 0.741927 0.482407 0.055729 0.077778
0 0.707812 0.476852 0.015625 0.053704
0 0.929688 0.510185 0.106250 0.114815
