0 0.017448 0.491667 0.034896 0.059259
0 0.095312 0.496296 0.044792 0.048148
0 0.117448 0.506944 0.065104 0.032407
0 0.270573 0.482870 0.113021 0.078704
0 0.539062 0.501852 0.019792 0.025926
0 0.541927 0.530556 0.022396 0.031481
0 0.587240 0.529167 0.017188 0.039815
0 0.570312 0.540741 0.046875 0.061111
0 0.497135 0.573148 0.102604 0.140741
0 0.555208 0.498611 0.017708 0.025000
0 0.602344 0.502315 0.044271 0.078704
0 0.655990 0.555556 0.099479 0.133333
0 0.672396 0.489352 0.100000 0.162037
0 0.734896 0.548148 0.010417 0.057407
0 0.870052 0.651389 0.258854 0.341667
0 0.865365 0.367130 0.268229 0.476852
