0 0.057292 0.565741 0.114583 0.198148
0 0.799740 0.584259 0.190104 0.264815
0 0.240625 0.489352 0.043750 0.043519
0 0.283594 0.493981 0.042188 0.032407
0 0.257292 0.546296 0.079167 0.096296
0 0.333594 0.558333 0.094271 0.116667
0 0.382812 0.527315 0.026042 0.041667
0 0.419792 0.526852 0.050000 0.068519
0 0.445573 0.496296 0.041146 0.085185
0 0.493229 0.478241 0.051042 0.076852
0 0.486198 0.540741 0.075521 0.111111
0 0.530469 0.508333 0.023438 0.050000
0 0.542448 0.522222 0.021354 0.035185
0 0.555990 0.527315 0.031771 0.043519
