0 0.009766 0.525000 0.019531 0.061111
0 0.039844 0.482639 0.031250 0.034722
0 0.087109 0.463194 0.033594 0.048611
0 0.104688 0.582639 0.140625 0.179167
0 0.167187 0.540972 0.070312 0.109722
0 0.202734 0.529167 0.032031 0.066667
0 0.237891 0.510417 0.038281 0.062500
0 0.296484 0.454861 0.092969 0.134722
0 0.285938 0.535417 0.060937 0.101389
0 0.328125 0.542361 0.118750 0.115278
0 0.391016 0.711806 0.277344 0.376389
1 0.695312 0.538889 0.042188 0.127778
0 0.146094 0.470139 0.029687 0.037500
0 0.144531 0.446528 0.026562 0.040278
0 0.221094 0.455556 0.028125 0.038889
0 0.108984 0.409028 0.021094 0.031944
