0 0.026562 0.461574 0.053125 0.084259
0 0.173437 0.465278 0.098958 0.080556
0 0.466927 0.487037 0.039062 0.033333
0 0.525521 0.485648 0.034375 0.034259
0 0.590885 0.489352 0.022396 0.026852
0 0.428125 0.493056 0.019792 0.025000
0 0.605990 0.510648 0.016146 0.023148
0 0.628125 0.512037 0.017708 0.031481
0 0.638021 0.527778 0.030208 0.053704
0 0.597917 0.524537 0.020833 0.043519
0 0.524479 0.522685 0.028125 0.043519
0 0.449740 0.521296 0.044271 0.062963
0 0.685156 0.508796 0.077604 0.171296
0 0.563802 0.541204 0.069271 0.100926
0 0.350521 0.555556 0.144792 0.201852
