0 0.090104 0.517593 0.064583 0.038889
0 0.153385 0.626852 0.195312 0.222222
0 0.291927 0.580093 0.109896 0.134259
0 0.377865 0.557407 0.053646 0.092593
0 0.454948 0.606481 0.143229 0.196296
0 0.484115 0.531481 0.070312 0.066667
0 0.511979 0.551389 0.015625 0.082407
0 0.557031 0.522222 0.010937 0.077778
0 0.604948 0.488426 0.101562 0.232407
0 0.624740 0.517130 0.110937 0.228704
0 0.646094 0.580093 0.083854 0.178704
0 0.779687 0.532870 0.225000 0.421296
0 0.778125 0.440278 0.095833 0.232407
0 0.967969 0.784722 0.063021 0.373148
