0 0.008594 0.436806 0.017188 0.095833
1 0.103516 0.464583 0.019531 0.062500
0 0.132031 0.456944 0.090625 0.052778
0 0.093750 0.437500 0.032813 0.041667
0 0.133594 0.422222 0.039062 0.033333
0 0.173437 0.426389 0.040625 0.036111
1 0.266406 0.453472 0.012500 0.062500
0 0.315625 0.479167 0.078125 0.086111
0 0.282813 0.450000 0.059375 0.055556
0 0.353906 0.450694 0.051562 0.079167
0 0.416797 0.469444 0.021094 0.091667
0 0.406250 0.463889 0.018750 0.066667
0 0.490625 0.448611 0.148438 0.302778
0 0.635156 0.486111 0.170313 0.355556
0 0.844141 0.423611 0.310156 0.847222
0 0.267188 0.438194 0.056250 0.070833
