0 0.178646 0.507870 0.117708 0.126852
0 0.376042 0.487037 0.109375 0.164815
0 0.434635 0.473148 0.028646 0.051852
0 0.491406 0.460648 0.022396 0.036111
0 0.502344 0.474074 0.040104 0.053704
0 0.545052 0.465278 0.028646 0.036111
0 0.529687 0.459722 0.015625 0.025000
0 0.583073 0.468519 0.028646 0.040741
0 0.601042 0.461574 0.022917 0.037963
0 0.615104 0.461111 0.014583 0.027778
0 0.638281 0.462500 0.032813 0.049074
0 0.666406 0.454167 0.016146 0.023148
0 0.620833 0.454630 0.012500 0.025926
0 0.559896 0.460185 0.011458 0.025926
