0 0.013281 0.781944 0.026562 0.354630
0 0.055729 0.441667 0.111458 0.120370
0 0.172135 0.470833 0.074479 0.062037
0 0.313542 0.485185 0.028125 0.035185
0 0.355208 0.532870 0.091667 0.125000
0 0.394010 0.488889 0.018229 0.027778
0 0.399219 0.519907 0.017188 0.067593
0 0.500781 0.437500 0.189062 0.450926
0 0.636198 0.477778 0.071354 0.157407
0 0.614062 0.427315 0.016667 0.049074
0 0.633333 0.425000 0.034375 0.053704
0 0.647917 0.433796 0.045833 0.062037
0 0.644010 0.504167 0.046354 0.071296
0 0.721875 0.550463 0.143750 0.197222
