0 0.057552 0.679630 0.115104 0.374074
0 0.035417 0.530093 0.070833 0.080556
0 0.084375 0.483796 0.084375 0.050926
0 0.106771 0.509259 0.100000 0.068519
0 0.215885 0.452778 0.118229 0.066667
0 0.121615 0.572222 0.104688 0.164815
0 0.215104 0.605093 0.171875 0.260185
0 0.454948 0.690278 0.421354 0.617593
0 0.614062 0.472222 0.015625 0.038889
0 0.658854 0.470370 0.031250 0.046296
0 0.642708 0.520370 0.046875 0.114815
0 0.677083 0.528241 0.020833 0.075000
0 0.706250 0.552315 0.051042 0.126852
0 0.781771 0.558333 0.148958 0.200000
