0 0.052865 0.590741 0.105729 0.122222
0 0.120052 0.581944 0.026562 0.078704
0 0.193750 0.501852 0.161458 0.274074
0 0.313542 0.506944 0.056250 0.108333
0 0.340104 0.559722 0.082292 0.173148
0 0.493750 0.571759 0.121875 0.193519
0 0.373437 0.476852 0.019792 0.040741
0 0.377604 0.510648 0.017708 0.025000
0 0.386979 0.493056 0.017708 0.026852
0 0.404948 0.498148 0.026562 0.037037
0 0.429167 0.484722 0.018750 0.025000
0 0.596615 0.475000 0.013021 0.025926
0 0.604167 0.477315 0.015625 0.026852
0 0.622656 0.482870 0.023438 0.036111
0 0.708854 0.571759 0.151042 0.208333
0 0.808854 0.524074 0.028125 0.074074
0 0.807031 0.474074 0.026562 0.068519
0 0.851042 0.490278 0.037500 0.047222
0 0.989062 0.502778 0.020833 0.161111
