0 0.046354 0.449074 0.092708 0.111111
0 0.101562 0.463889 0.025000 0.081481
0 0.370573 0.472222 0.020313 0.044444
0 0.404948 0.458796 0.017188 0.028704
0 0.541146 0.467593 0.016667 0.031481
0 0.549479 0.496296 0.025000 0.059259
0 0.570573 0.520370 0.044271 0.061111
0 0.470313 0.486111 0.015625 0.027778
0 0.456250 0.507870 0.021875 0.032407
0 0.442708 0.516204 0.016667 0.039815
0 0.396875 0.509722 0.013542 0.037963
0 0.418229 0.520833 0.043750 0.065741
0 0.354687 0.523611 0.041667 0.052778
0 0.505729 0.541204 0.083333 0.123148
0 0.785417 0.568056 0.172917 0.230556
0 0.203906 0.565741 0.201563 0.274074
0 0.326302 0.481481 0.014063 0.024074
