0 0.227344 0.488889 0.033854 0.037037
0 0.303646 0.476389 0.021875 0.032407
0 0.347656 0.474537 0.020313 0.025000
0 0.019010 0.655556 0.038021 0.209259
0 0.097396 0.544444 0.108333 0.148148
0 0.252604 0.547222 0.078125 0.107407
0 0.369010 0.475926 0.028646 0.025926
0 0.360417 0.554167 0.094792 0.139815
0 0.398698 0.509259 0.014063 0.024074
0 0.425521 0.506019 0.034375 0.082407
0 0.463802 0.500463 0.017188 0.023148
0 0.530208 0.573148 0.116667 0.150000
0 0.476823 0.467130 0.014063 0.036111
0 0.513281 0.482407 0.032813 0.038889
0 0.575781 0.472222 0.078646 0.114815
0 0.613021 0.529630 0.065625 0.092593
0 0.688021 0.542593 0.091667 0.131481
0 0.777344 0.574537 0.134896 0.152778
0 0.944010 0.632870 0.110937 0.325000
0 0.517708 0.486574 0.022917 0.025000
