0 0.039583 0.386574 0.079167 0.247222
0 0.381250 0.492593 0.042708 0.040741
0 0.493750 0.593519 0.148958 0.211111
0 0.540885 0.481944 0.043229 0.041667
0 0.558073 0.501389 0.036979 0.069444
0 0.594271 0.487500 0.036458 0.036111
0 0.582031 0.540741 0.058854 0.074074
0 0.615885 0.521759 0.033854 0.054630
0 0.635938 0.537500 0.038542 0.060185
0 0.670052 0.545833 0.066146 0.080556
0 0.616146 0.470833 0.014583 0.030556
0 0.636979 0.467130 0.028125 0.037963
0 0.629427 0.477315 0.047396 0.060185
0 0.924219 0.433796 0.098437 0.050926
0 0.947396 0.522222 0.104167 0.194444
0 0.977865 0.634259 0.043229 0.137037
0 0.806250 0.592130 0.247917 0.289815
