0 0.148438 0.462500 0.026042 0.052778
0 0.200781 0.480556 0.036979 0.027778
0 0.219531 0.479630 0.021354 0.025926
0 0.339844 0.468519 0.024479 0.029630
0 0.418490 0.422685 0.016146 0.034259
0 0.056250 0.676389 0.112500 0.510185
0 0.378906 0.517593 0.069271 0.105556
0 0.445833 0.470370 0.021875 0.029630
0 0.467708 0.450463 0.017708 0.025000
0 0.499479 0.454630 0.033333 0.075926
0 0.487760 0.515278 0.052604 0.075000
0 0.516406 0.432407 0.017188 0.042593
0 0.536458 0.480093 0.027083 0.047222
0 0.589844 0.475000 0.092188 0.185185
0 0.644010 0.512037 0.017188 0.051852
0 0.788542 0.552778 0.101042 0.120370
0 0.960156 0.558333 0.078646 0.124074
0 0.374479 0.442130 0.015625 0.021296
0 0.390625 0.421759 0.013542 0.032407
0 0.403906 0.418981 0.013021 0.028704
