0 0.309375 0.574074 0.098958 0.142593
0 0.490104 0.550463 0.083333 0.123148
0 0.652083 0.566204 0.093750 0.119444
0 0.864844 0.574074 0.260937 0.361111
0 0.607031 0.527778 0.034896 0.057407
0 0.538281 0.523611 0.028646 0.039815
0 0.423438 0.521759 0.034375 0.050926
0 0.440365 0.514352 0.015104 0.034259
0 0.445312 0.487037 0.017708 0.029630
0 0.470573 0.459259 0.018229 0.029630
0 0.545833 0.474537 0.015625 0.023148
0 0.608073 0.488426 0.021354 0.032407
0 0.627865 0.492593 0.023438 0.029630
0 0.650260 0.495370 0.025521 0.022222
