0 0.017188 0.502778 0.034375 0.046296
0 0.150260 0.457407 0.218229 0.375926
0 0.290885 0.492593 0.032813 0.050000
0 0.322135 0.476852 0.015104 0.025926
0 0.324219 0.501852 0.015104 0.027778
0 0.407813 0.480556 0.021875 0.035185
0 0.411198 0.531944 0.049479 0.071296
0 0.388802 0.471759 0.015104 0.023148
0 0.445312 0.518981 0.025000 0.034259
0 0.463281 0.509259 0.020313 0.024074
0 0.496875 0.522685 0.034375 0.047222
0 0.519271 0.480556 0.013542 0.038889
0 0.524479 0.485648 0.016667 0.041667
0 0.535156 0.496759 0.027604 0.058333
0 0.608594 0.477778 0.099479 0.222222
