0 0.211198 0.476852 0.049479 0.044444
0 0.310156 0.546296 0.106771 0.146296
0 0.405990 0.521759 0.050521 0.080556
0 0.481250 0.470370 0.098958 0.229630
0 0.543750 0.469907 0.032292 0.110185
0 0.541406 0.504630 0.015104 0.059259
0 0.564844 0.497222 0.042188 0.103704
0 0.618750 0.543519 0.079167 0.107407
0 0.645312 0.500000 0.039583 0.087037
0 0.709115 0.470370 0.108854 0.211111
0 0.752344 0.472222 0.060937 0.116667
0 0.854167 0.595833 0.290625 0.395370
0 0.905208 0.390278 0.185417 0.525000
0 0.870313 0.265278 0.095833 0.158333
0 0.943229 0.229630 0.111458 0.201852
0 0.986719 0.458796 0.023438 0.115741
0 0.594010 0.483796 0.035937 0.067593
0 0.310417 0.455556 0.048958 0.038889
0 0.370052 0.485185 0.017188 0.025926
0 0.990104 0.251852 0.018750 0.124074
