0 0.038672 0.430556 0.038281 0.061111
0 0.251953 0.473611 0.052344 0.063889
0 0.216016 0.487500 0.086719 0.075000
0 0.154297 0.572222 0.125781 0.186111
0 0.025781 0.773611 0.051562 0.308333
0 0.349609 0.453472 0.071094 0.081944
0 0.389844 0.475694 0.104688 0.040278
0 0.346094 0.572917 0.334375 0.154167
0 0.317188 0.804861 0.596875 0.387500
0 0.431641 0.397222 0.089844 0.133333
0 0.453125 0.480556 0.039062 0.038889
0 0.480078 0.496528 0.044531 0.073611
0 0.516797 0.522222 0.086719 0.122222
0 0.615625 0.562500 0.156250 0.230556
0 0.670312 0.622222 0.128125 0.255556
0 0.843359 0.668056 0.311719 0.450000
0 0.938672 0.772917 0.121094 0.451389
0 0.288672 0.440278 0.025781 0.072222
