0 0.038802 0.430556 0.077604 0.085185
0 0.311979 0.522685 0.113542 0.141667
0 0.377344 0.456481 0.020313 0.022222
0 0.412500 0.492593 0.050000 0.062963
0 0.440104 0.485185 0.026042 0.044444
0 0.455208 0.480093 0.018750 0.032407
0 0.467187 0.476389 0.014583 0.023148
0 0.471615 0.470370 0.013021 0.025926
0 0.498437 0.451852 0.045833 0.107407
0 0.527865 0.471759 0.013021 0.026852
0 0.545573 0.478704 0.024479 0.038889
0 0.567187 0.483333 0.034375 0.042593
0 0.591146 0.473148 0.023958 0.048148
0 0.026562 0.455556 0.053125 0.035185
0 0.201563 0.458796 0.040625 0.023148
