0 0.150521 0.527315 0.077083 0.023148
0 0.321354 0.515741 0.034375 0.053704
0 0.294792 0.512963 0.017708 0.029630
0 0.368229 0.499537 0.022917 0.026852
0 0.501823 0.540741 0.041146 0.077778
0 0.555729 0.517593 0.019792 0.040741
0 0.603646 0.511111 0.030208 0.061111
0 0.645573 0.514352 0.028646 0.078704
0 0.669531 0.529630 0.056771 0.129630
0 0.825521 0.621759 0.162500 0.213889
0 0.478646 0.517130 0.015625 0.025000
0 0.199740 0.514352 0.016146 0.023148
0 0.649479 0.504167 0.020833 0.039815
0 0.397135 0.528241 0.014063 0.023148
