0 0.275521 0.566204 0.168750 0.223148
0 0.418229 0.531944 0.059375 0.084259
0 0.509375 0.558333 0.096875 0.127778
0 0.524219 0.480093 0.042188 0.043519
0 0.567448 0.519907 0.026562 0.052778
0 0.580208 0.528704 0.035417 0.053704
0 0.627865 0.543056 0.065104 0.086111
0 0.609896 0.501852 0.031250 0.050000
0 0.640885 0.507407 0.038021 0.048148
0 0.787240 0.593519 0.200521 0.238889
0 0.951042 0.576852 0.096875 0.159259
0 0.009896 0.500000 0.019792 0.027778
0 0.123438 0.500463 0.034375 0.025000
0 0.529167 0.510648 0.041667 0.041667
