0 0.069271 0.529630 0.138542 0.279630
0 0.176823 0.529167 0.102604 0.160185
0 0.215885 0.496296 0.090104 0.150000
0 0.266927 0.495370 0.039062 0.111111
0 0.283594 0.475000 0.068229 0.100000
0 0.363542 0.487963 0.093750 0.142593
0 0.406510 0.449074 0.049479 0.075926
0 0.357031 0.399074 0.033854 0.040741
0 0.371615 0.382407 0.032813 0.066667
0 0.429427 0.388426 0.031771 0.045370
0 0.498177 0.341204 0.113021 0.143519
0 0.523698 0.557870 0.226562 0.360185
0 0.831250 0.454167 0.336458 0.769444
1 0.598698 0.386574 0.009896 0.043519
