0 0.019922 0.459028 0.035156 0.051389
0 0.025000 0.436111 0.031250 0.088889
0 0.076953 0.423611 0.053906 0.111111
0 0.078516 0.459028 0.030469 0.051389
0 0.126172 0.414583 0.035156 0.034722
0 0.144531 0.450000 0.035937 0.061111
0 0.128125 0.465972 0.059375 0.068056
0 0.111328 0.506250 0.078906 0.112500
0 0.257422 0.419444 0.086719 0.111111
0 0.241016 0.441667 0.063281 0.044444
0 0.285156 0.522222 0.032813 0.116667
0 0.245703 0.525000 0.077344 0.161111
0 0.202344 0.540278 0.118750 0.191667
0 0.316406 0.460417 0.032813 0.045833
0 0.319531 0.482639 0.026562 0.068056
0 0.339844 0.484722 0.042188 0.072222
0 0.395313 0.506250 0.109375 0.112500
0 0.435937 0.640278 0.217188 0.347222
0 0.538281 0.409722 0.153125 0.308333
0 0.627734 0.428472 0.102344 0.093056
0 0.686719 0.465972 0.076563 0.037500
0 0.764062 0.489583 0.082812 0.070833
0 0.583203 0.550000 0.091406 0.155556
0 0.654297 0.590972 0.149219 0.220833
0 0.743359 0.661806 0.130469 0.298611
0 0.882812 0.693750 0.231250 0.556944
