0 0.229427 0.591204 0.154688 0.186111
0 0.371354 0.517593 0.066667 0.116667
0 0.427865 0.551852 0.048438 0.062963
0 0.447656 0.537037 0.026562 0.055556
0 0.468490 0.532407 0.015104 0.031481
0 0.498177 0.550463 0.058854 0.084259
0 0.572656 0.517593 0.052604 0.125926
0 0.624219 0.545370 0.074479 0.125926
0 0.772135 0.548148 0.185938 0.307407
0 0.546354 0.551852 0.013542 0.035185
0 0.540365 0.544907 0.017188 0.043519
0 0.525521 0.531944 0.013542 0.032407
0 0.532552 0.537963 0.015104 0.038889
0 0.205208 0.501389 0.059375 0.034259
