0 0.077344 0.606944 0.154688 0.225000
0 0.164453 0.543056 0.082031 0.127778
0 0.205469 0.527083 0.026562 0.073611
0 0.212500 0.489583 0.029687 0.048611
0 0.248828 0.522917 0.035156 0.065278
0 0.036719 0.472222 0.028125 0.036111
0 0.042188 0.455556 0.025000 0.033333
0 0.085547 0.451389 0.022656 0.041667
0 0.128906 0.430556 0.021875 0.033333
0 0.126562 0.461111 0.028125 0.038889
0 0.131250 0.479167 0.029687 0.044444
0 0.164453 0.429861 0.024219 0.031944
1 0.620313 0.530556 0.032813 0.100000
0 0.847656 0.487500 0.057813 0.158333
1 0.977734 0.579167 0.022656 0.172222
0 0.308594 0.468750 0.100000 0.195833
0 0.306641 0.538194 0.078906 0.118056
0 0.354687 0.532639 0.142187 0.070833
0 0.396875 0.761111 0.321875 0.444444
0 0.010937 0.507639 0.021875 0.043056
