0 0.115885 0.555556 0.136979 0.203704
0 0.269792 0.593519 0.135417 0.172222
0 0.370833 0.513889 0.058333 0.107407
0 0.413021 0.549074 0.055208 0.070370
0 0.433073 0.509722 0.026562 0.041667
0 0.455208 0.500926 0.015625 0.038889
0 0.446615 0.538426 0.025521 0.034259
0 0.487500 0.547685 0.066667 0.095370
0 0.510677 0.496759 0.013021 0.034259
0 0.518490 0.501852 0.019271 0.037037
0 0.521615 0.518056 0.015104 0.034259
0 0.530208 0.524537 0.021875 0.049074
0 0.534635 0.537037 0.014063 0.042593
0 0.569271 0.502778 0.066667 0.148148
0 0.642188 0.542593 0.094792 0.155556
0 0.875781 0.558333 0.247396 0.516667
