0 0.053125 0.660185 0.106250 0.379630
0 0.150260 0.534259 0.117188 0.151852
0 0.092188 0.464352 0.076042 0.060185
0 0.321615 0.467593 0.091146 0.168519
0 0.403125 0.520370 0.048958 0.072222
0 0.420833 0.466204 0.030208 0.034259
0 0.423698 0.489352 0.023438 0.025000
0 0.481250 0.558796 0.137500 0.204630
0 0.536458 0.468519 0.037500 0.064815
0 0.575260 0.501389 0.067187 0.110185
0 0.614062 0.537500 0.060417 0.097222
0 0.619792 0.476852 0.031250 0.027778
0 0.762500 0.465741 0.272917 0.416667
0 0.544531 0.490278 0.024479 0.069444
0 0.269792 0.571296 0.157292 0.192593
