0 0.225781 0.413889 0.051562 0.041667
0 0.302344 0.445833 0.051562 0.050000
0 0.250781 0.438889 0.035937 0.052778
0 0.159766 0.438194 0.044531 0.048611
0 0.210156 0.434028 0.046875 0.034722
0 0.227734 0.465972 0.057031 0.037500
0 0.221484 0.489583 0.075781 0.045833
0 0.283594 0.489583 0.053125 0.048611
0 0.070703 0.464583 0.107031 0.090278
0 0.058594 0.572222 0.117188 0.177778
0 0.371094 0.752083 0.742188 0.493056
0 0.488672 0.609028 0.382031 0.368056
0 0.493750 0.387500 0.064062 0.077778
0 0.391797 0.404861 0.044531 0.056944
0 0.693750 0.404861 0.046875 0.079167
0 0.751563 0.469444 0.060937 0.094444
0 0.630469 0.422222 0.043750 0.111111
0 0.638672 0.465278 0.042969 0.083333
0 0.675000 0.490278 0.085938 0.125000
0 0.714844 0.556250 0.145313 0.179167
0 0.877734 0.431944 0.064844 0.113889
1 0.971094 0.442361 0.010937 0.062500
1 0.984375 0.436806 0.010937 0.056944
1 0.976953 0.439583 0.008594 0.054167
