0 0.186328 0.628472 0.272656 0.423611
0 0.842578 0.442361 0.074219 0.093056
0 0.680078 0.439583 0.028906 0.056944
0 0.708594 0.429167 0.031250 0.052778
0 0.009766 0.890278 0.019531 0.216667
0 0.055078 0.550000 0.049219 0.083333
0 0.040625 0.527778 0.081250 0.066667
0 0.294141 0.529167 0.042969 0.080556
0 0.340625 0.529861 0.078125 0.104167
0 0.378906 0.499306 0.032813 0.087500
0 0.436719 0.522222 0.114062 0.180556
0 0.510938 0.501389 0.046875 0.083333
0 0.538672 0.468056 0.055469 0.083333
0 0.573047 0.428472 0.032031 0.051389
0 0.570312 0.461111 0.020313 0.050000
0 0.588281 0.421528 0.028125 0.056944
0 0.630469 0.453472 0.039062 0.054167
0 0.603516 0.494444 0.063281 0.091667
0 0.698047 0.464583 0.047656 0.062500
0 0.685547 0.452778 0.028906 0.050000
0 0.868750 0.579861 0.175000 0.220833
