0 0.021875 0.498611 0.043750 0.360185
0 0.062760 0.543981 0.040104 0.093519
0 0.130469 0.553704 0.172396 0.179630
0 0.241927 0.520370 0.102604 0.155556
0 0.331250 0.518056 0.081250 0.110185
0 0.389062 0.505556 0.044792 0.064815
0 0.465104 0.517130 0.089583 0.112037
0 0.529948 0.490278 0.018229 0.025000
0 0.570833 0.492593 0.034375 0.051852
0 0.589583 0.488426 0.014583 0.032407
0 0.595313 0.470833 0.029167 0.060185
0 0.615104 0.483796 0.013542 0.023148
0 0.632031 0.484259 0.019271 0.024074
0 0.663021 0.463889 0.038542 0.088889
0 0.703906 0.453704 0.043229 0.024074
0 0.673698 0.486111 0.014063 0.031481
0 0.728125 0.555556 0.142708 0.188889
0 0.850521 0.489815 0.063542 0.098148
0 0.939063 0.727315 0.120833 0.543519
1 0.966667 0.456019 0.014583 0.032407
1 0.904427 0.460185 0.011979 0.027778
1 0.803125 0.474074 0.008333 0.035185
1 0.793750 0.480556 0.008333 0.042593
1 0.785156 0.481481 0.008854 0.044444
1 0.792969 0.477778 0.011979 0.048148
1 0.779948 0.471296 0.005729 0.031481
1 0.604427 0.293981 0.007812 0.034259
1 0.307292 0.316667 0.006250 0.029630
