0 0.429427 0.495833 0.021354 0.025000
0 0.307552 0.475926 0.085938 0.066667
0 0.785156 0.519444 0.052604 0.083333
0 0.733333 0.530556 0.040625 0.064815
0 0.652604 0.532407 0.032292 0.062963
0 0.688802 0.543519 0.085938 0.090741
0 0.631250 0.516204 0.038542 0.060185
0 0.545312 0.480093 0.042708 0.052778
0 0.569271 0.493981 0.041667 0.082407
0 0.605990 0.481481 0.035937 0.040741
0 0.634896 0.462037 0.014583 0.033333
0 0.627865 0.462963 0.017188 0.037037
0 0.653906 0.456481 0.030729 0.040741
0 0.592969 0.537500 0.063021 0.078704
0 0.877344 0.620370 0.244271 0.411111
0 0.495833 0.594444 0.158333 0.224074
