0 0.990365 0.575926 0.018229 0.087037
0 0.975521 0.516667 0.047917 0.125926
0 0.839323 0.539815 0.088021 0.105556
0 0.731250 0.531481 0.060417 0.068519
0 0.604688 0.540278 0.082292 0.100926
0 0.552865 0.492593 0.032813 0.040741
0 0.537760 0.523148 0.057813 0.072222
0 0.504687 0.488889 0.029167 0.040741
0 0.482031 0.485185 0.019271 0.029630
0 0.450781 0.525463 0.069271 0.104630
0 0.416667 0.516204 0.022917 0.058333
0 0.416406 0.481944 0.024479 0.026852
0 0.396615 0.501852 0.033854 0.042593
0 0.396615 0.474537 0.021354 0.023148
0 0.392708 0.462500 0.017708 0.025000
0 0.372656 0.488889 0.024479 0.033333
0 0.358594 0.474074 0.014063 0.025926
0 0.357812 0.444444 0.032292 0.048148
0 0.341667 0.461111 0.018750 0.024074
0 0.240885 0.489815 0.032813 0.024074
0 0.233333 0.460648 0.016667 0.028704
0 0.205990 0.450926 0.014063 0.024074
