0 0.041927 0.536574 0.083854 0.141667
0 0.245312 0.449074 0.037500 0.062963
0 0.315365 0.462963 0.104688 0.183333
0 0.354427 0.530093 0.102604 0.149074
0 0.400260 0.488426 0.025521 0.039815
0 0.418229 0.469444 0.019792 0.040741
0 0.494531 0.526852 0.100521 0.153704
0 0.454167 0.464352 0.044792 0.097222
0 0.484115 0.425000 0.020313 0.048148
0 0.512500 0.429630 0.031250 0.053704
0 0.512500 0.428241 0.026042 0.037963
0 0.402083 0.424074 0.015625 0.035185
0 0.364844 0.429167 0.013021 0.037963
0 0.934635 0.445370 0.111979 0.081481
0 0.385156 0.440278 0.013021 0.023148
