0 0.092708 0.611111 0.185417 0.409259
0 0.241146 0.528241 0.065625 0.112037
0 0.316927 0.539815 0.116146 0.161111
0 0.389844 0.518519 0.053646 0.090741
0 0.422135 0.512037 0.027604 0.044444
0 0.455990 0.516204 0.042188 0.056481
0 0.482031 0.512037 0.031771 0.046296
0 0.527865 0.524537 0.058854 0.076852
0 0.490104 0.501852 0.021875 0.037037
0 0.563542 0.508333 0.014583 0.037037
0 0.567187 0.503241 0.018750 0.036111
0 0.546354 0.507407 0.030208 0.055556
0 0.581510 0.491204 0.021354 0.050926
0 0.605729 0.504630 0.028125 0.040741
0 0.924479 0.497222 0.098958 0.050000
0 0.835156 0.493056 0.072396 0.054630
0 0.790625 0.495370 0.055208 0.083333
0 0.752604 0.497222 0.059375 0.122222
0 0.712500 0.498611 0.044792 0.095370
0 0.675260 0.508333 0.023438 0.040741
0 0.662760 0.504167 0.024479 0.041667
0 0.634115 0.490278 0.015104 0.030556
0 0.510156 0.506019 0.025521 0.045370
0 0.688021 0.507870 0.016667 0.056481
0 0.588542 0.479630 0.025000 0.051852
0 0.512240 0.473148 0.025521 0.024074
0 0.974479 0.501852 0.031250 0.042593
