0 0.161198 0.414815 0.322396 0.829630
0 0.315104 0.543519 0.038542 0.098148
0 0.400781 0.468981 0.143229 0.262037
0 0.495833 0.449074 0.065625 0.061111
0 0.475260 0.626389 0.229687 0.302778
0 0.559896 0.530093 0.070833 0.123148
0 0.638542 0.489815 0.032292 0.059259
0 0.656771 0.527315 0.050000 0.065741
0 0.670573 0.487963 0.023438 0.035185
0 0.704948 0.482870 0.027604 0.069444
0 0.703125 0.493981 0.019792 0.023148
0 0.730990 0.495370 0.018229 0.040741
0 0.887240 0.475926 0.224479 0.824074
0 0.593490 0.507870 0.018229 0.026852
0 0.701823 0.467130 0.017188 0.023148
