0 0.041927 0.600000 0.083854 0.212963
0 0.120052 0.468056 0.110937 0.093519
0 0.307292 0.576852 0.131250 0.164815
0 0.373437 0.537500 0.055208 0.086111
0 0.461458 0.494444 0.070833 0.118519
0 0.504427 0.529630 0.021354 0.053704
0 0.540365 0.548611 0.074479 0.112037
0 0.579948 0.489815 0.042188 0.057407
0 0.585677 0.529167 0.034896 0.050926
0 0.614844 0.488889 0.028646 0.046296
0 0.616406 0.515741 0.026562 0.046296
0 0.658854 0.486574 0.071875 0.165741
0 0.684115 0.534259 0.068229 0.135185
0 0.748698 0.580556 0.139063 0.172222
0 0.960156 0.437500 0.078646 0.482407
