0 0.207422 0.424306 0.041406 0.034722
0 0.214453 0.457639 0.025781 0.037500
0 0.196484 0.449306 0.057031 0.034722
0 0.147656 0.454861 0.045312 0.051389
0 0.034375 0.483333 0.068750 0.061111
0 0.217188 0.541667 0.082812 0.097222
0 0.095312 0.577778 0.190625 0.075000
0 0.417187 0.792361 0.834375 0.412500
0 0.468750 0.632639 0.492188 0.373611
0 0.284375 0.417361 0.140625 0.165278
0 0.381250 0.429167 0.084375 0.061111
0 0.465625 0.397222 0.081250 0.100000
0 0.654297 0.429167 0.117969 0.258333
0 0.753906 0.581250 0.165625 0.206944
0 0.826953 0.514583 0.075781 0.115278
0 0.851562 0.438889 0.085938 0.130556
0 0.950781 0.581250 0.096875 0.195833
0 0.932813 0.748611 0.132812 0.500000
0 0.751953 0.459028 0.028906 0.037500
1 0.976172 0.452778 0.008594 0.058333
1 0.965234 0.454861 0.013281 0.059722
1 0.982812 0.453472 0.004687 0.056944
