0 0.968490 0.529630 0.061979 0.057407
0 0.913542 0.528704 0.056250 0.053704
0 0.827865 0.525463 0.047396 0.043519
0 0.784375 0.518519 0.050000 0.051852
0 0.699740 0.520370 0.049479 0.048148
0 0.554427 0.512500 0.018229 0.030556
0 0.532813 0.512037 0.015625 0.029630
0 0.507031 0.510185 0.017188 0.027778
0 0.482552 0.507407 0.015104 0.027778
0 0.431771 0.506944 0.013542 0.028704
0 0.014844 0.507870 0.029687 0.037963
0 0.107813 0.514815 0.050000 0.025926
0 0.163542 0.512500 0.022917 0.021296
0 0.192708 0.510648 0.033333 0.032407
