0 0.976823 0.568519 0.045312 0.111111
0 0.803646 0.519444 0.098958 0.118519
0 0.812240 0.496296 0.059896 0.070370
0 0.735156 0.532407 0.053646 0.064815
0 0.698958 0.533796 0.039583 0.050926
0 0.684115 0.528241 0.044271 0.056481
0 0.652865 0.530093 0.033854 0.047222
0 0.630990 0.523148 0.040104 0.057407
0 0.600521 0.530093 0.027083 0.037963
0 0.571094 0.515278 0.041146 0.065741
0 0.560417 0.507407 0.046875 0.079630
0 0.526042 0.532870 0.022917 0.030556
0 0.497656 0.538889 0.021354 0.025926
0 0.485156 0.540741 0.011979 0.024074
0 0.476562 0.540278 0.020833 0.028704
0 0.463021 0.540741 0.016667 0.029630
0 0.446094 0.546296 0.019271 0.024074
0 0.428125 0.547685 0.019792 0.025000
0 0.361719 0.552315 0.019271 0.030556
0 0.345313 0.548611 0.018750 0.041667
0 0.323698 0.551389 0.040104 0.058333
0 0.290885 0.560648 0.014063 0.028704
0 0.275000 0.562037 0.027083 0.035185
0 0.225260 0.557870 0.038021 0.054630
0 0.045312 0.568056 0.082292 0.097222
