0 0.900781 0.466204 0.175521 0.204630
0 0.275781 0.375463 0.019271 0.095370
0 0.307552 0.371759 0.029687 0.100926
1 0.395313 0.373148 0.031250 0.088889
1 0.442448 0.377315 0.029687 0.078704
1 0.467187 0.377778 0.045833 0.075926
1 0.495052 0.375926 0.030729 0.083333
1 0.522135 0.380093 0.043229 0.080556
1 0.545573 0.375463 0.046354 0.078704
1 0.572656 0.383796 0.045312 0.078704
1 0.599479 0.388426 0.055208 0.073148
1 0.529687 0.332407 0.019792 0.092593
1 0.716146 0.373148 0.017708 0.109259
1 0.757812 0.365278 0.014583 0.054630
1 0.815104 0.409722 0.014583 0.121296
0 0.758594 0.387037 0.025521 0.064815
1 0.829948 0.376852 0.011979 0.050000
1 0.278906 0.333796 0.011979 0.069444
