1 0.911979 0.519444 0.053125 0.070370
1 0.915365 0.504167 0.026562 0.104630
1 0.876042 0.471759 0.012500 0.065741
1 0.956510 0.443519 0.006771 0.024074
0 0.987500 0.443981 0.023958 0.436111
0 0.682552 0.457407 0.045312 0.033333
0 0.619792 0.512500 0.079167 0.112037
0 0.568750 0.461111 0.073958 0.155556
0 0.500260 0.494907 0.023438 0.032407
0 0.469271 0.489352 0.019792 0.026852
0 0.425781 0.472685 0.065104 0.121296
0 0.417969 0.509722 0.046354 0.071296
0 0.372135 0.519444 0.076563 0.094444
0 0.334635 0.501389 0.017188 0.034259
0 0.308073 0.490741 0.033854 0.057407
0 0.283854 0.503241 0.019792 0.032407
