0 0.227604 0.518981 0.060417 0.069444
0 0.260417 0.509259 0.028125 0.050000
0 0.276042 0.480093 0.032292 0.050926
0 0.343490 0.529630 0.093229 0.120370
0 0.391406 0.463426 0.048438 0.095370
0 0.502344 0.531481 0.119271 0.190741
0 0.572917 0.516204 0.044792 0.080556
0 0.491667 0.423611 0.061458 0.058333
0 0.899479 0.530093 0.115625 0.152778
0 0.949740 0.556019 0.082812 0.136111
0 0.978646 0.566204 0.041667 0.139815
0 0.445312 0.434722 0.021875 0.032407
0 0.446615 0.400926 0.016146 0.035185
0 0.302865 0.464352 0.025521 0.039815
0 0.312240 0.483796 0.024479 0.039815
0 0.347656 0.423611 0.018229 0.028704
0 0.358073 0.420833 0.015104 0.025000
0 0.415104 0.416667 0.011458 0.025926
0 0.453385 0.377315 0.011979 0.023148
0 0.418229 0.456019 0.015625 0.032407
0 0.357812 0.450000 0.023958 0.038889
0 0.332292 0.457870 0.027083 0.023148
0 0.333333 0.439815 0.020833 0.024074
