0 0.011198 0.478241 0.022396 0.056481
0 0.076563 0.577778 0.153125 0.164815
0 0.259896 0.548148 0.071875 0.088889
0 0.360156 0.484259 0.127604 0.235185
0 0.425260 0.533333 0.020313 0.046296
0 0.488542 0.579167 0.133333 0.204630
0 0.533594 0.500463 0.013021 0.041667
0 0.547135 0.514352 0.015104 0.030556
0 0.583073 0.527778 0.018229 0.044444
0 0.657552 0.469907 0.157812 0.319444
0 0.768750 0.503241 0.058333 0.039815
0 0.836458 0.508333 0.052083 0.031481
0 0.918229 0.481481 0.096875 0.088889
0 0.969271 0.531481 0.060417 0.092593
