0 0.035937 0.453472 0.039062 0.104167
0 0.074609 0.470833 0.022656 0.041667
0 0.273047 0.536806 0.036719 0.106944
0 0.221875 0.561111 0.114062 0.183333
0 0.121094 0.627778 0.198437 0.277778
0 0.046484 0.779861 0.092969 0.423611
0 0.301953 0.485417 0.041406 0.070833
0 0.313281 0.498611 0.020313 0.069444
0 0.343750 0.494444 0.056250 0.116667
0 0.382812 0.511111 0.078125 0.091667
0 0.412500 0.530556 0.179688 0.088889
0 0.425781 0.777083 0.329688 0.443056
0 0.445312 0.413194 0.103125 0.148611
0 0.507422 0.515278 0.052344 0.080556
0 0.555469 0.543750 0.095312 0.129167
0 0.667969 0.593056 0.185938 0.252778
0 0.838672 0.693056 0.255469 0.336111
0 0.941406 0.779861 0.115625 0.437500
0 0.941406 0.479861 0.115625 0.106944
0 0.914844 0.469444 0.067187 0.066667
