0 0.148047 0.455556 0.046094 0.052778
0 0.033984 0.483333 0.067969 0.063889
0 0.022656 0.540972 0.045312 0.140278
0 0.122266 0.565278 0.207031 0.094444
0 0.240625 0.447917 0.164062 0.248611
0 0.353906 0.429861 0.100000 0.070833
0 0.417187 0.790972 0.832812 0.415278
0 0.468359 0.631250 0.491406 0.373611
0 0.450391 0.395139 0.092969 0.109722
0 0.643359 0.427778 0.091406 0.227778
0 0.695312 0.537500 0.104688 0.141667
0 0.845313 0.637500 0.279687 0.372222
0 0.977734 0.563889 0.042969 0.266667
0 0.816016 0.415972 0.082031 0.076389
1 0.978906 0.450000 0.014063 0.055556
1 0.964063 0.455556 0.015625 0.055556
