0 0.441927 0.488426 0.015104 0.021296
0 0.408854 0.488426 0.027083 0.034259
0 0.359115 0.493519 0.024479 0.025926
0 0.203906 0.541667 0.079687 0.100000
0 0.160417 0.526852 0.053125 0.066667
0 0.526563 0.487037 0.015625 0.022222
0 0.535156 0.511111 0.026562 0.035185
0 0.581250 0.481481 0.042708 0.059259
0 0.561979 0.528241 0.043750 0.056481
0 0.592708 0.517130 0.032292 0.049074
0 0.486198 0.564352 0.102604 0.141667
0 0.661719 0.505556 0.110937 0.137037
0 0.636719 0.553241 0.095312 0.121296
0 0.740625 0.544907 0.065625 0.099074
0 0.853385 0.621296 0.292187 0.277778
0 0.953646 0.398611 0.091667 0.373148
0 0.621354 0.477778 0.032292 0.029630
