0 0.132552 0.561111 0.265104 0.457407
0 0.269531 0.505093 0.065104 0.136111
0 0.330469 0.487037 0.035937 0.066667
0 0.367708 0.488889 0.053125 0.087037
0 0.412760 0.510185 0.081771 0.105556
0 0.451562 0.482870 0.026042 0.037963
0 0.496875 0.486574 0.050000 0.071296
0 0.523438 0.467130 0.021875 0.028704
0 0.551562 0.511111 0.081250 0.105556
0 0.578906 0.482407 0.040104 0.070370
0 0.602344 0.475926 0.026562 0.059259
0 0.620052 0.477778 0.016146 0.033333
0 0.634115 0.474537 0.019271 0.028704
0 0.647656 0.470833 0.018229 0.030556
0 0.645573 0.451389 0.024479 0.023148
0 0.957812 0.475926 0.035417 0.037037
