1 0.988542 0.517130 0.021875 0.154630
0 0.978646 0.534722 0.041667 0.115741
1 0.957812 0.463889 0.014583 0.098148
1 0.949479 0.482870 0.020833 0.060185
1 0.928125 0.465278 0.020833 0.100926
1 0.834635 0.453241 0.013021 0.039815
1 0.816927 0.450926 0.013021 0.044444
0 0.704948 0.466204 0.140104 0.267593
0 0.627083 0.493519 0.039583 0.061111
0 0.547917 0.484259 0.030208 0.042593
0 0.529167 0.475000 0.018750 0.027778
0 0.520312 0.450463 0.022917 0.039815
0 0.486979 0.520833 0.097917 0.130556
0 0.429167 0.489815 0.043750 0.057407
0 0.407813 0.478704 0.015625 0.031481
0 0.375260 0.477315 0.015104 0.023148
0 0.354427 0.485185 0.038021 0.061111
0 0.342187 0.492130 0.046875 0.060185
0 0.030990 0.487963 0.061979 0.050000
