1 0.989323 0.540741 0.020313 0.288889
1 0.958333 0.530093 0.047917 0.199074
1 0.855469 0.534722 0.045312 0.195370
1 0.835156 0.520833 0.063021 0.217593
1 0.836979 0.522685 0.043750 0.243519
1 0.723698 0.510648 0.043229 0.225000
1 0.689323 0.498611 0.026562 0.167593
1 0.675781 0.501852 0.018229 0.159259
1 0.662500 0.492593 0.008333 0.109259
1 0.667188 0.509259 0.015625 0.140741
1 0.620313 0.495370 0.015625 0.088889
0 0.441667 0.531481 0.089583 0.112963
0 0.539323 0.497222 0.041146 0.042593
0 0.589844 0.513426 0.066146 0.097222
