0 0.099479 0.480556 0.090625 0.077778
0 0.164844 0.493056 0.041146 0.045370
0 0.275000 0.490278 0.122917 0.191667
0 0.369010 0.476852 0.024479 0.037037
0 0.403125 0.474537 0.023958 0.032407
0 0.430208 0.471296 0.028125 0.066667
0 0.426823 0.516667 0.021354 0.062963
0 0.481771 0.561574 0.131250 0.195370
0 0.546875 0.507870 0.021875 0.043519
0 0.543490 0.485648 0.024479 0.041667
0 0.531250 0.482407 0.013542 0.031481
0 0.582031 0.481944 0.063021 0.150926
0 0.617708 0.521296 0.079167 0.131481
0 0.869531 0.545833 0.258854 0.449074
