0 0.690365 0.516204 0.074479 0.047222
0 0.600260 0.516204 0.077604 0.065741
0 0.517448 0.562037 0.089063 0.131481
0 0.448177 0.522222 0.054688 0.059259
0 0.400260 0.525463 0.090104 0.050926
0 0.329427 0.550926 0.061979 0.085185
0 0.276823 0.525926 0.067187 0.044444
0 0.237760 0.544907 0.029687 0.073148
0 0.206250 0.549074 0.065625 0.083333
0 0.136719 0.491204 0.057813 0.073148
0 0.144792 0.515278 0.073958 0.121296
0 0.111198 0.537037 0.058854 0.098148
0 0.060417 0.540278 0.080208 0.106481
0 0.015365 0.538426 0.030729 0.078704
