0 0.289844 0.427315 0.019271 0.060185
0 0.318229 0.425463 0.041667 0.063889
0 0.348958 0.427315 0.043750 0.056481
0 0.410938 0.496759 0.073958 0.097222
0 0.432812 0.427778 0.017708 0.033333
0 0.434896 0.479630 0.034375 0.064815
0 0.458594 0.457407 0.031771 0.053704
0 0.506250 0.435185 0.054167 0.125926
0 0.588802 0.450000 0.024479 0.044444
0 0.571094 0.447222 0.015104 0.024074
0 0.715885 0.410648 0.083854 0.245370
0 0.859115 0.407870 0.280729 0.591667
0 0.029427 0.686574 0.058854 0.445370
0 0.547396 0.437500 0.029167 0.065741
