0 0.184115 0.477778 0.060937 0.074074
0 0.314323 0.479167 0.032813 0.045370
0 0.339323 0.480556 0.020313 0.033333
0 0.396875 0.478241 0.027083 0.028704
0 0.445052 0.481019 0.057813 0.097222
0 0.500000 0.442593 0.027083 0.042593
0 0.451302 0.525926 0.049479 0.061111
0 0.474740 0.507870 0.032813 0.043519
0 0.515104 0.555093 0.084375 0.110185
0 0.555208 0.511111 0.033333 0.044444
0 0.574479 0.467130 0.015625 0.023148
0 0.613542 0.462500 0.031250 0.082407
0 0.634896 0.494907 0.040625 0.045370
0 0.646094 0.545370 0.080729 0.114815
0 0.656250 0.474537 0.019792 0.028704
0 0.636979 0.450926 0.021875 0.038889
0 0.654687 0.442130 0.016667 0.036111
0 0.664062 0.456481 0.016667 0.037037
0 0.660677 0.466667 0.017188 0.025926
0 0.711979 0.462963 0.013542 0.024074
0 0.703385 0.498611 0.021354 0.036111
0 0.720833 0.516667 0.037500 0.050000
0 0.759896 0.528704 0.050000 0.070370
