0 0.308333 0.506481 0.038542 0.035185
0 0.452083 0.538426 0.021875 0.034259
0 0.459115 0.515741 0.017188 0.012963
0 0.503906 0.579167 0.115104 0.173148
0 0.555469 0.538889 0.018229 0.040741
0 0.579167 0.538426 0.040625 0.071296
0 0.611458 0.532870 0.022917 0.039815
0 0.629167 0.559722 0.041667 0.086111
0 0.670573 0.568981 0.085938 0.110185
0 0.889583 0.528241 0.035417 0.065741
0 0.910417 0.529167 0.050000 0.067593
0 0.932813 0.531019 0.054167 0.071296
0 0.972135 0.531944 0.054688 0.080556
0 0.990885 0.456019 0.017188 0.071296
0 0.504948 0.477315 0.019271 0.028704
0 0.564063 0.362963 0.071875 0.029630
