0 0.126172 0.568056 0.177344 0.247222
0 0.839453 0.436806 0.089844 0.179167
0 0.742969 0.422917 0.039062 0.040278
0 0.591406 0.437500 0.021875 0.041667
0 0.580078 0.451389 0.021094 0.041667
0 0.559375 0.454167 0.035937 0.050000
0 0.553906 0.470139 0.034375 0.054167
0 0.532813 0.486806 0.045312 0.073611
0 0.493359 0.502778 0.064844 0.111111
0 0.426953 0.526389 0.089844 0.150000
0 0.373437 0.498611 0.053125 0.086111
0 0.269141 0.509722 0.044531 0.058333
0 0.308594 0.599306 0.164062 0.215278
0 0.205859 0.547222 0.060156 0.113889
0 0.260547 0.465278 0.024219 0.044444
0 0.631250 0.447917 0.037500 0.045833
0 0.614844 0.557639 0.128125 0.173611
0 0.668359 0.445139 0.022656 0.043056
0 0.692578 0.449306 0.041406 0.062500
0 0.712891 0.479167 0.046094 0.086111
0 0.748047 0.500694 0.083594 0.115278
0 0.902734 0.615972 0.192969 0.273611
0 0.975781 0.852083 0.046875 0.293056
0 0.685156 0.400694 0.034375 0.045833
