0 0.976302 0.559259 0.046354 0.111111
0 0.941927 0.546296 0.099479 0.112963
0 0.861979 0.547685 0.080208 0.089815
0 0.801562 0.533333 0.083333 0.105556
0 0.731771 0.544444 0.061458 0.066667
0 0.673177 0.520370 0.071354 0.105556
0 0.643490 0.508333 0.054688 0.122222
0 0.590104 0.546296 0.036458 0.046296
0 0.570833 0.547685 0.018750 0.043519
0 0.546615 0.553241 0.030729 0.037963
0 0.529167 0.555556 0.017708 0.035185
0 0.517188 0.555093 0.029167 0.041667
0 0.498437 0.554630 0.020833 0.042593
0 0.476823 0.562037 0.025521 0.033333
0 0.454167 0.563889 0.025000 0.035185
0 0.351562 0.570833 0.025000 0.037963
0 0.330990 0.577778 0.019271 0.029630
0 0.276042 0.578704 0.023958 0.037037
0 0.225260 0.573611 0.043229 0.058333
0 0.114844 0.582870 0.063021 0.071296
0 0.294531 0.584259 0.015104 0.022222
0 0.614583 0.526852 0.015625 0.079630
