0 0.888802 0.478704 0.055729 0.116667
0 0.813021 0.506944 0.061458 0.091667
0 0.702865 0.503704 0.033854 0.055556
0 0.677865 0.500926 0.024479 0.046296
0 0.635677 0.500463 0.017188 0.037963
0 0.586198 0.528241 0.096354 0.126852
0 0.631771 0.525926 0.014583 0.044444
0 0.481250 0.522685 0.065625 0.102778
0 0.079427 0.539352 0.094271 0.080556
0 0.172135 0.521759 0.060937 0.071296
0 0.211719 0.543056 0.085938 0.106481
0 0.244271 0.510185 0.042708 0.051852
0 0.276823 0.511574 0.033854 0.045370
0 0.312760 0.512500 0.042188 0.034259
0 0.338021 0.507870 0.020833 0.028704
0 0.271615 0.471759 0.052604 0.076852
