0 0.173958 0.569907 0.197917 0.263889
0 0.384896 0.535185 0.044792 0.074074
0 0.463802 0.546296 0.071354 0.103704
0 0.514062 0.550000 0.034375 0.044444
0 0.547396 0.522222 0.028125 0.092593
0 0.603906 0.502778 0.111979 0.212963
0 0.669271 0.555556 0.033333 0.070370
0 0.737500 0.503704 0.027083 0.055556
0 0.770573 0.506019 0.040104 0.069444
0 0.789583 0.541204 0.045833 0.099074
0 0.804688 0.504167 0.028125 0.082407
0 0.860938 0.556481 0.038542 0.087037
0 0.903906 0.571296 0.049479 0.061111
0 0.733333 0.540741 0.022917 0.037037
0 0.834375 0.561574 0.018750 0.045370
0 0.990365 0.576852 0.018229 0.072222
