0 0.304427 0.562037 0.115104 0.148148
0 0.307292 0.472685 0.054167 0.034259
0 0.414583 0.524074 0.054167 0.077778
0 0.461979 0.515278 0.023958 0.041667
0 0.507812 0.530556 0.069792 0.100000
0 0.590365 0.483796 0.022396 0.036111
0 0.596354 0.519444 0.026042 0.035185
0 0.639323 0.517593 0.024479 0.029630
0 0.704948 0.475926 0.102604 0.190741
0 0.770052 0.520370 0.029687 0.059259
0 0.547656 0.518056 0.021354 0.030556
0 0.555208 0.500463 0.014583 0.025000
0 0.550260 0.487037 0.017188 0.029630
0 0.528906 0.484722 0.016146 0.030556
0 0.523958 0.470833 0.014583 0.023148
