0 0.041927 0.490278 0.083854 0.063889
0 0.225521 0.487500 0.054167 0.063889
0 0.282292 0.490741 0.042708 0.051852
0 0.311198 0.563889 0.098437 0.124074
0 0.351562 0.482870 0.076042 0.160185
0 0.423438 0.536111 0.045833 0.059259
0 0.448437 0.525000 0.023958 0.038889
0 0.463542 0.516667 0.020833 0.033333
0 0.503125 0.535648 0.051042 0.073148
0 0.519010 0.500926 0.013021 0.027778
0 0.537760 0.492593 0.030729 0.074074
0 0.559375 0.523148 0.015625 0.038889
0 0.609375 0.474537 0.097917 0.223148
0 0.717187 0.525000 0.046875 0.068519
0 0.870052 0.522685 0.149479 0.254630
