0 0.764323 0.475926 0.053646 0.048148
0 0.731250 0.537963 0.062500 0.118519
0 0.798698 0.593519 0.132812 0.162963
0 0.766406 0.505093 0.018229 0.026852
0 0.700260 0.520370 0.018229 0.048148
0 0.680729 0.513889 0.025000 0.042593
0 0.665885 0.515278 0.019271 0.043519
0 0.647396 0.513889 0.031250 0.053704
0 0.643229 0.549537 0.018750 0.097222
0 0.571354 0.581481 0.169792 0.255556
0 0.438281 0.460185 0.148438 0.314815
0 0.358073 0.537037 0.023438 0.096296
0 0.313802 0.549074 0.103646 0.164815
0 0.256771 0.594907 0.184375 0.225000
0 0.059375 0.572685 0.118750 0.191667
0 0.832292 0.509722 0.025000 0.023148
