0 0.287500 0.454630 0.036458 0.057407
0 0.405729 0.448148 0.026042 0.029630
0 0.320052 0.542130 0.118229 0.167593
0 0.391927 0.521759 0.068229 0.119444
0 0.428906 0.497685 0.042188 0.075000
0 0.449479 0.479167 0.019792 0.034259
0 0.495312 0.538426 0.109375 0.163889
0 0.535417 0.439815 0.022917 0.035185
0 0.541667 0.462037 0.021875 0.059259
0 0.557292 0.480093 0.034375 0.091667
0 0.615625 0.464352 0.106250 0.208333
0 0.686198 0.529167 0.059896 0.230556
0 0.777604 0.532407 0.184375 0.344444
0 0.889062 0.643981 0.201042 0.393519
0 0.955469 0.511111 0.086979 0.681481
0 0.216667 0.475000 0.028125 0.025926
0 0.565625 0.502778 0.013542 0.068519
