0 0.053906 0.524074 0.080729 0.107407
0 0.093490 0.534722 0.021354 0.099074
0 0.160677 0.537963 0.132812 0.164815
0 0.241146 0.521759 0.059375 0.130556
0 0.338021 0.471759 0.138542 0.297222
0 0.401302 0.543519 0.013021 0.085185
0 0.418490 0.490741 0.048438 0.129630
0 0.447396 0.516204 0.019792 0.060185
0 0.457813 0.499537 0.028125 0.067593
0 0.507812 0.471759 0.072917 0.191667
0 0.573177 0.476389 0.049479 0.086111
0 0.591667 0.506944 0.038542 0.036111
0 0.641146 0.512037 0.054167 0.037037
0 0.765365 0.504630 0.089063 0.046296
