0 0.071484 0.429861 0.052344 0.087500
0 0.209375 0.515278 0.078125 0.130556
0 0.166797 0.549306 0.117969 0.176389
0 0.082812 0.623611 0.165625 0.241667
0 0.269531 0.479861 0.032813 0.062500
0 0.318750 0.452083 0.065625 0.062500
0 0.338672 0.522917 0.185156 0.101389
0 0.357031 0.764583 0.314063 0.454167
0 0.402344 0.404861 0.101562 0.151389
0 0.429297 0.500000 0.041406 0.077778
0 0.451562 0.502778 0.046875 0.077778
0 0.496875 0.529167 0.100000 0.130556
0 0.609766 0.567361 0.158594 0.237500
0 0.712109 0.630556 0.208594 0.258333
0 0.881250 0.745833 0.235937 0.505556
0 0.969141 0.472917 0.060156 0.040278
0 0.725000 0.453472 0.081250 0.065278
0 0.229687 0.430556 0.021875 0.038889
