0 0.201302 0.458333 0.042188 0.070370
0 0.235677 0.464815 0.027604 0.048148
0 0.296354 0.461111 0.034375 0.050000
0 0.317708 0.462963 0.020833 0.040741
0 0.395313 0.442593 0.013542 0.029630
0 0.413021 0.444444 0.014583 0.029630
0 0.455729 0.459259 0.032292 0.029630
0 0.493750 0.480556 0.020833 0.050000
0 0.465625 0.489815 0.014583 0.031481
0 0.480729 0.493056 0.028125 0.034259
0 0.411979 0.484722 0.015625 0.026852
0 0.419531 0.489352 0.020313 0.028704
0 0.392708 0.502315 0.025000 0.056481
0 0.352865 0.521296 0.079687 0.116667
0 0.442969 0.491667 0.034896 0.051852
