0 0.884115 0.607407 0.230729 0.357407
0 0.750521 0.596296 0.102083 0.183333
0 0.664062 0.560185 0.070833 0.101852
0 0.562240 0.446759 0.056771 0.045370
0 0.476562 0.457870 0.133333 0.026852
0 0.500000 0.718981 0.354167 0.517593
0 0.098958 0.628704 0.197917 0.342593
0 0.275781 0.587037 0.135937 0.168519
0 0.332813 0.544444 0.039583 0.079630
0 0.358594 0.542130 0.033854 0.067593
0 0.372656 0.481481 0.025521 0.027778
0 0.333854 0.492593 0.014583 0.025926
0 0.313542 0.473148 0.019792 0.024074
0 0.272135 0.468056 0.017188 0.028704
0 0.257292 0.463889 0.013542 0.022222
0 0.215104 0.455093 0.015625 0.023148
0 0.232292 0.459722 0.014583 0.025000
