0 0.086979 0.504167 0.040625 0.023148
0 0.174479 0.475926 0.081250 0.075926
0 0.234375 0.485648 0.041667 0.054630
0 0.266667 0.487963 0.025000 0.048148
0 0.396354 0.533796 0.051042 0.067593
0 0.428385 0.524537 0.033854 0.049074
0 0.457031 0.497685 0.013021 0.023148
0 0.490104 0.542130 0.084375 0.121296
0 0.613281 0.511111 0.084896 0.155556
0 0.567708 0.530556 0.023958 0.070370
0 0.558594 0.525926 0.022396 0.053704
0 0.540625 0.518056 0.025000 0.034259
0 0.527083 0.504167 0.016667 0.034259
0 0.522135 0.484722 0.020313 0.026852
