0 0.032552 0.497222 0.055729 0.042593
0 0.208333 0.525926 0.051042 0.048148
0 0.180990 0.527315 0.031771 0.043519
0 0.324219 0.494907 0.020313 0.026852
0 0.363802 0.482870 0.049479 0.049074
0 0.426563 0.486574 0.021875 0.023148
0 0.524479 0.486111 0.015625 0.022222
0 0.534375 0.509259 0.025000 0.035185
0 0.560417 0.526852 0.043750 0.057407
0 0.483333 0.561111 0.098958 0.137037
0 0.582292 0.481481 0.039583 0.064815
0 0.596875 0.516204 0.030208 0.052778
0 0.616927 0.475926 0.021354 0.029630
0 0.642969 0.553704 0.104688 0.131481
0 0.701823 0.500926 0.158854 0.174074
0 0.866406 0.655093 0.266146 0.365741
0 0.645052 0.470833 0.048438 0.034259
