0 0.455990 0.556944 0.105729 0.134259
0 0.541667 0.526852 0.073958 0.083333
0 0.591146 0.462963 0.048958 0.094444
0 0.866667 0.502778 0.264583 0.372222
0 0.623177 0.482407 0.021354 0.031481
0 0.539323 0.477315 0.045312 0.026852
0 0.379688 0.489352 0.045833 0.054630
0 0.440625 0.478241 0.020833 0.023148
0 0.634896 0.455093 0.032292 0.062037
0 0.658333 0.451852 0.018750 0.031481
0 0.655469 0.494907 0.039062 0.052778
0 0.707812 0.478241 0.019792 0.028704
0 0.166667 0.499074 0.058333 0.068519
0 0.241146 0.496296 0.037500 0.053704
0 0.476823 0.499074 0.043229 0.055556
