0 0.234635 0.583333 0.155729 0.194444
0 0.317448 0.528704 0.043229 0.064815
0 0.359115 0.518519 0.031771 0.051852
0 0.408594 0.493981 0.057813 0.132407
0 0.446094 0.471296 0.010937 0.012963
0 0.441667 0.501852 0.016667 0.046296
0 0.458073 0.490741 0.016146 0.014815
0 0.449740 0.514815 0.022396 0.037037
0 0.486979 0.547685 0.076042 0.119444
0 0.502344 0.486111 0.039062 0.068519
0 0.556510 0.517130 0.030729 0.052778
0 0.609896 0.532870 0.084375 0.139815
0 0.695833 0.481481 0.104167 0.205556
0 0.844792 0.517130 0.134375 0.228704
0 0.930469 0.706019 0.138021 0.476852
