0 0.019010 0.676852 0.038021 0.301852
0 0.145313 0.541667 0.212500 0.277778
0 0.248958 0.497685 0.045833 0.091667
0 0.315104 0.498611 0.093750 0.147222
0 0.364583 0.500926 0.023958 0.074074
0 0.372917 0.492130 0.019792 0.054630
0 0.386979 0.474537 0.020833 0.034259
0 0.390885 0.481944 0.017188 0.036111
0 0.382292 0.448611 0.029167 0.047222
0 0.406771 0.442593 0.022917 0.044444
0 0.353385 0.439815 0.029687 0.050000
0 0.239063 0.429167 0.053125 0.052778
0 0.124740 0.390278 0.131771 0.087963
0 0.037500 0.528241 0.036458 0.154630
0 0.453385 0.511574 0.119271 0.187963
0 0.537240 0.492130 0.052604 0.078704
0 0.652865 0.514815 0.110937 0.161111
