0 0.026562 0.376852 0.053125 0.103704
0 0.038542 0.333796 0.064583 0.060185
0 0.378125 0.334722 0.108333 0.062037
0 0.479167 0.351389 0.016667 0.025000
0 0.511458 0.359722 0.028125 0.036111
0 0.538281 0.364352 0.025521 0.030556
0 0.555990 0.364815 0.021354 0.031481
0 0.579167 0.369907 0.035417 0.039815
0 0.598698 0.363889 0.059896 0.064815
0 0.557552 0.348148 0.031771 0.033333
0 0.641667 0.387037 0.034375 0.038889
0 0.667188 0.401852 0.016667 0.022222
0 0.752344 0.412037 0.155729 0.148148
0 0.867448 0.459259 0.038021 0.081481
1 0.263021 0.318056 0.012500 0.060185
0 0.988542 0.526852 0.021875 0.048148
