0 0.037500 0.522222 0.052083 0.055556
0 0.179167 0.504167 0.013542 0.037963
0 0.232552 0.519444 0.042188 0.048148
0 0.349479 0.516667 0.023958 0.031481
0 0.380208 0.513889 0.020833 0.020370
0 0.426302 0.491667 0.028646 0.037037
1 0.348177 0.495833 0.020313 0.028704
0 0.481510 0.506481 0.032813 0.048148
0 0.524219 0.548148 0.091146 0.122222
0 0.585417 0.492130 0.026042 0.043519
0 0.625521 0.495370 0.023958 0.033333
0 0.730729 0.497685 0.029167 0.047222
0 0.759115 0.499074 0.041146 0.062963
0 0.796875 0.508333 0.048958 0.075926
0 0.812500 0.516204 0.050000 0.073148
0 0.837240 0.520833 0.061979 0.076852
