1 0.655078 0.399306 0.030469 0.126389
1 0.220312 0.493056 0.018750 0.069444
1 0.333594 0.473611 0.018750 0.086111
0 0.017969 0.579167 0.029687 0.127778
0 0.097656 0.472917 0.195312 0.143056
0 0.227344 0.456250 0.039062 0.043056
0 0.264453 0.483333 0.086719 0.061111
0 0.364844 0.465278 0.059375 0.080556
0 0.507812 0.488889 0.018750 0.069444
0 0.499609 0.464583 0.036719 0.048611
0 0.464062 0.472222 0.053125 0.077778
0 0.433203 0.502778 0.066406 0.086111
0 0.521875 0.494444 0.023438 0.102778
0 0.619922 0.470139 0.174219 0.359722
0 0.819141 0.513889 0.232031 0.455556
0 0.955078 0.452778 0.088281 0.905556
