0 0.219922 0.429167 0.052344 0.041667
0 0.283594 0.436111 0.059375 0.050000
0 0.245312 0.454167 0.037500 0.055556
0 0.204297 0.447917 0.046094 0.034722
0 0.153125 0.455556 0.045312 0.052778
0 0.039844 0.482639 0.075000 0.062500
0 0.160547 0.531250 0.100781 0.095833
0 0.130078 0.524306 0.080469 0.101389
0 0.231250 0.481250 0.059375 0.034722
0 0.204297 0.534722 0.141406 0.075000
0 0.390234 0.768750 0.780469 0.459722
0 0.480859 0.655556 0.435156 0.433333
0 0.573047 0.426389 0.036719 0.055556
0 0.637891 0.472917 0.060156 0.084722
0 0.691797 0.532639 0.105469 0.137500
0 0.717578 0.470833 0.049219 0.077778
0 0.678906 0.425694 0.032813 0.051389
0 0.777734 0.493750 0.072656 0.115278
0 0.876172 0.694444 0.246094 0.383333
0 0.308594 0.472222 0.060937 0.050000
1 0.983984 0.451389 0.008594 0.058333
1 0.978516 0.451389 0.008594 0.052778
1 0.970703 0.456250 0.010156 0.062500
