1 0.103646 0.392130 0.009375 0.080556
0 0.207813 0.366667 0.062500 0.061111
0 0.280469 0.343056 0.084896 0.134259
0 0.334635 0.368981 0.038021 0.047222
1 0.402865 0.374537 0.015104 0.073148
1 0.503906 0.367593 0.017188 0.094444
1 0.602604 0.376852 0.028125 0.096296
1 0.605208 0.400926 0.048958 0.057407
1 0.640365 0.381481 0.016146 0.090741
1 0.670833 0.392130 0.016667 0.080556
1 0.688802 0.392593 0.019271 0.092593
1 0.163281 0.369444 0.019271 0.057407
0 0.154167 0.391667 0.029167 0.062963
1 0.170573 0.392593 0.016146 0.048148
1 0.375781 0.364815 0.006771 0.031481
1 0.384375 0.364352 0.005208 0.034259
1 0.390885 0.363889 0.007812 0.033333
1 0.923698 0.459259 0.024479 0.048148
1 0.952083 0.437037 0.012500 0.027778
1 0.767708 0.384722 0.013542 0.047222
1 0.398958 0.356481 0.015625 0.048148
