0 0.244792 0.474537 0.026042 0.036111
0 0.230208 0.601852 0.162500 0.212963
0 0.386198 0.509259 0.094271 0.181481
0 0.439844 0.530093 0.029687 0.045370
0 0.490625 0.499074 0.059375 0.146296
0 0.504948 0.393519 0.036979 0.029630
0 0.538542 0.426389 0.019792 0.030556
0 0.547396 0.441667 0.020833 0.031481
0 0.554948 0.449074 0.018229 0.029630
0 0.566406 0.462500 0.026562 0.037963
0 0.569792 0.465741 0.025000 0.035185
0 0.580990 0.480093 0.025521 0.043519
0 0.588542 0.491667 0.030208 0.035185
0 0.612760 0.513426 0.040104 0.060185
0 0.740885 0.562500 0.102604 0.141667
0 0.620573 0.465741 0.028646 0.038889
0 0.727865 0.499074 0.048438 0.033333
