0 0.029427 0.400463 0.058854 0.208333
0 0.231771 0.446296 0.088542 0.087037
0 0.298698 0.442593 0.056771 0.075926
0 0.363281 0.437037 0.041146 0.057407
0 0.365885 0.525463 0.085938 0.125000
0 0.409115 0.509259 0.032813 0.074074
0 0.440625 0.511574 0.050000 0.099074
0 0.494010 0.532407 0.098437 0.146296
0 0.529687 0.433796 0.025000 0.056481
0 0.540885 0.456019 0.025521 0.058333
0 0.572396 0.460648 0.055208 0.150926
0 0.586458 0.497222 0.029167 0.129630
0 0.591667 0.531019 0.022917 0.095370
0 0.653646 0.461111 0.132292 0.285185
0 0.795312 0.571759 0.194792 0.256481
0 0.958073 0.661574 0.082812 0.480556
0 0.033854 0.728241 0.067708 0.347222
