0 0.552083 0.496296 0.039583 0.070370
0 0.632552 0.509259 0.081771 0.116667
0 0.485156 0.514815 0.110937 0.172222
0 0.432552 0.466667 0.039062 0.088889
0 0.408073 0.481481 0.016146 0.035185
0 0.404687 0.471296 0.020833 0.029630
0 0.362240 0.424074 0.029687 0.025926
0 0.395833 0.502315 0.019792 0.071296
0 0.352083 0.502315 0.085417 0.136111
0 0.299219 0.497685 0.027604 0.076852
0 0.283333 0.438426 0.027083 0.045370
0 0.235156 0.406944 0.071354 0.032407
0 0.123698 0.436574 0.025521 0.047222
0 0.115365 0.464815 0.021354 0.024074
0 0.050521 0.425463 0.101042 0.102778
0 0.117969 0.525926 0.024479 0.135185
0 0.211719 0.539352 0.194271 0.254630
0 0.041667 0.662963 0.083333 0.340741
0 0.926042 0.657407 0.146875 0.462963
0 0.386198 0.442593 0.018229 0.042593
