0 0.045052 0.459722 0.090104 0.100926
0 0.247135 0.569907 0.156771 0.215741
0 0.337500 0.493519 0.034375 0.040741
0 0.399479 0.531019 0.039583 0.080556
0 0.491146 0.464352 0.146875 0.350926
0 0.593490 0.500926 0.036979 0.081481
0 0.652083 0.482870 0.077083 0.163889
0 0.628125 0.431944 0.018750 0.054630
0 0.648698 0.430093 0.036979 0.056481
0 0.664583 0.438889 0.051042 0.064815
0 0.693229 0.554630 0.125000 0.175926
0 0.756510 0.541204 0.026562 0.100926
0 0.991667 0.820370 0.015625 0.268519
0 0.644271 0.506944 0.018750 0.050926
