1 0.910417 0.493056 0.034375 0.147222
1 0.878385 0.483796 0.006771 0.058333
1 0.757812 0.479167 0.012500 0.047222
1 0.726562 0.500463 0.015625 0.084259
1 0.688542 0.494444 0.013542 0.072222
0 0.038542 0.564815 0.077083 0.127778
0 0.104167 0.543981 0.085417 0.119444
0 0.160156 0.542593 0.054688 0.088889
0 0.192448 0.537500 0.043229 0.078704
0 0.220312 0.530093 0.035417 0.067593
0 0.272135 0.479167 0.044271 0.039815
0 0.266146 0.537963 0.080208 0.098148
0 0.305990 0.522685 0.026562 0.052778
0 0.322135 0.508333 0.025521 0.040741
0 0.421354 0.606944 0.241667 0.312037
0 0.496094 0.472685 0.021354 0.037963
0 0.514844 0.500926 0.017188 0.027778
0 0.521354 0.491667 0.026042 0.042593
0 0.539844 0.509722 0.023438 0.030556
0 0.572396 0.503704 0.021875 0.050000
