1 0.689844 0.535648 0.024479 0.113889
0 0.017708 0.524074 0.035417 0.038889
0 0.098698 0.537037 0.034896 0.042593
0 0.129688 0.537037 0.045833 0.051852
0 0.167708 0.519444 0.047917 0.062963
0 0.210417 0.518056 0.025000 0.030556
0 0.221354 0.528704 0.033333 0.033333
0 0.272917 0.539815 0.069792 0.092593
0 0.355729 0.569907 0.085417 0.126852
0 0.417969 0.506481 0.021354 0.027778
0 0.401823 0.487963 0.033854 0.024074
0 0.328646 0.490741 0.013542 0.024074
0 0.444010 0.508333 0.018229 0.027778
0 0.444531 0.489815 0.014063 0.029630
0 0.465365 0.487037 0.013021 0.022222
0 0.483594 0.477778 0.031771 0.025926
0 0.500781 0.493519 0.015104 0.024074
0 0.488802 0.523611 0.020313 0.036111
0 0.518229 0.573611 0.094792 0.126852
0 0.646354 0.529630 0.137500 0.085185
0 0.734896 0.453704 0.029167 0.040741
0 0.812760 0.491667 0.047396 0.087037
0 0.832812 0.500926 0.045833 0.090741
0 0.861198 0.518519 0.017188 0.055556
1 0.545052 0.469907 0.002604 0.023148
