0 0.312760 0.485648 0.048438 0.049074
0 0.405990 0.494907 0.023438 0.026852
0 0.440104 0.521759 0.038542 0.056481
0 0.464062 0.518981 0.019792 0.030556
0 0.477344 0.515741 0.015104 0.024074
0 0.507292 0.523611 0.042708 0.058333
0 0.630469 0.488889 0.053646 0.114815
0 0.664844 0.524074 0.047396 0.062963
0 0.704427 0.524074 0.038021 0.046296
0 0.749479 0.528704 0.035417 0.055556
0 0.816667 0.489352 0.113542 0.213889
0 0.923177 0.422685 0.152604 0.843519
0 0.542969 0.501852 0.025521 0.059259
0 0.575000 0.499074 0.050000 0.107407
