0 0.060156 0.624074 0.120313 0.746296
0 0.154948 0.554630 0.130729 0.166667
0 0.221875 0.493519 0.041667 0.035185
0 0.213542 0.535648 0.027083 0.065741
0 0.286198 0.581481 0.140104 0.168519
0 0.370833 0.540278 0.078125 0.123148
0 0.366406 0.468519 0.041146 0.020370
0 0.409635 0.542593 0.026562 0.087037
0 0.430990 0.537037 0.042188 0.070370
0 0.437760 0.522685 0.035937 0.073148
0 0.445052 0.504630 0.036979 0.092593
0 0.466146 0.496296 0.037500 0.098148
0 0.505990 0.518056 0.043229 0.095370
0 0.566146 0.576389 0.141667 0.184259
0 0.237500 0.529167 0.027083 0.058333
0 0.623177 0.524537 0.021354 0.062037
