1 0.167708 0.524074 0.006250 0.035185
1 0.174479 0.523148 0.005208 0.035185
1 0.200781 0.519907 0.009896 0.041667
1 0.676562 0.483333 0.005208 0.031481
1 0.439323 0.239352 0.008854 0.039815
1 0.138281 0.263889 0.007812 0.040741
0 0.052865 0.559259 0.105729 0.168519
0 0.303646 0.489815 0.028125 0.038889
0 0.387240 0.538426 0.091146 0.117593
0 0.435937 0.503241 0.036458 0.052778
0 0.464583 0.501389 0.026042 0.037963
0 0.473438 0.481019 0.032292 0.067593
0 0.515104 0.495370 0.018750 0.025926
0 0.548698 0.470833 0.046354 0.095370
0 0.604167 0.463426 0.060417 0.039815
0 0.581250 0.485648 0.018750 0.026852
0 0.594531 0.497685 0.044271 0.050926
0 0.616927 0.521296 0.072396 0.090741
0 0.653385 0.506019 0.040104 0.065741
0 0.715625 0.549074 0.106250 0.179630
0 0.854688 0.619907 0.289583 0.360185
0 0.949219 0.480093 0.100521 0.139815
