0 0.027083 0.704630 0.054167 0.361111
0 0.151562 0.624537 0.233333 0.319444
0 0.289062 0.579167 0.114583 0.189815
0 0.289844 0.578241 0.114062 0.189815
0 0.336458 0.546759 0.042708 0.121296
0 0.474479 0.613426 0.263542 0.419444
0 0.481250 0.359722 0.145833 0.108333
0 0.611979 0.540741 0.019792 0.037037
0 0.633333 0.540741 0.029167 0.040741
0 0.669271 0.545370 0.032292 0.027778
0 0.695573 0.543981 0.022396 0.030556
1 0.780208 0.533333 0.010417 0.042593
0 0.833073 0.521296 0.099479 0.061111
0 0.893750 0.536111 0.050000 0.029630
0 0.949219 0.534722 0.063021 0.025000
0 0.957552 0.509259 0.076563 0.059259
