0 0.102083 0.664352 0.204167 0.352778
0 0.286198 0.601389 0.152604 0.186111
0 0.228385 0.527315 0.029687 0.028704
0 0.378906 0.580556 0.082812 0.133333
0 0.425000 0.575000 0.040625 0.087037
0 0.544010 0.666667 0.255729 0.370370
0 0.716406 0.467593 0.175521 0.359259
0 0.791146 0.506019 0.198958 0.376852
0 0.907292 0.622222 0.184375 0.348148
0 0.402604 0.511111 0.019792 0.022222
0 0.329427 0.522222 0.026562 0.025926
0 0.441927 0.534259 0.025521 0.031481
0 0.550260 0.473611 0.113021 0.023148
0 0.430729 0.544907 0.032292 0.036111
0 0.448698 0.509259 0.021354 0.020370
