0 0.044271 0.487037 0.050000 0.050000
0 0.180469 0.473148 0.067187 0.072222
0 0.317448 0.484259 0.024479 0.035185
0 0.376563 0.474074 0.035417 0.038889
0 0.401823 0.478241 0.019271 0.023148
0 0.421615 0.476389 0.020313 0.025000
0 0.456771 0.476852 0.019792 0.027778
0 0.266406 0.537963 0.078646 0.105556
0 0.380729 0.543519 0.067708 0.087037
0 0.439323 0.516667 0.041146 0.061111
0 0.460938 0.503704 0.017708 0.029630
0 0.506250 0.560185 0.111458 0.168519
0 0.532813 0.468056 0.022917 0.028704
0 0.552604 0.498148 0.023958 0.055556
0 0.590104 0.526389 0.050000 0.065741
