0 0.020313 0.502315 0.040625 0.080556
0 0.242969 0.505556 0.036979 0.040741
0 0.286198 0.505093 0.034896 0.041667
0 0.069792 0.577315 0.139583 0.182407
0 0.369531 0.486111 0.127604 0.255556
0 0.444010 0.538889 0.023438 0.035185
0 0.473698 0.510185 0.020313 0.033333
0 0.498958 0.547685 0.068750 0.104630
0 0.531510 0.507870 0.039062 0.086111
0 0.655208 0.491204 0.073958 0.149074
0 0.790885 0.515278 0.106771 0.186111
0 0.937240 0.556019 0.124479 0.260185
0 0.300000 0.541667 0.022917 0.088889
0 0.433073 0.506481 0.018229 0.035185
0 0.555990 0.524074 0.013021 0.042593
