0 0.152604 0.543981 0.284375 0.402778
0 0.280729 0.500463 0.020833 0.115741
0 0.328646 0.484722 0.020833 0.060185
0 0.355990 0.487963 0.048438 0.079630
0 0.386719 0.510648 0.082812 0.106481
0 0.437240 0.481019 0.029687 0.036111
0 0.476302 0.488426 0.051562 0.073148
0 0.530729 0.511574 0.080208 0.104630
0 0.489844 0.448611 0.034896 0.025000
0 0.553906 0.483333 0.036979 0.066667
0 0.575521 0.475463 0.025000 0.056481
0 0.596094 0.477778 0.020313 0.033333
0 0.607552 0.475000 0.017188 0.027778
0 0.620573 0.471296 0.018229 0.029630
0 0.632031 0.461574 0.024479 0.039815
