0 0.041406 0.494907 0.044271 0.034259
0 0.128385 0.636574 0.256771 0.319444
0 0.245573 0.473611 0.138021 0.228704
0 0.316667 0.526389 0.019792 0.045370
0 0.370312 0.536111 0.086458 0.124074
0 0.401562 0.496296 0.061458 0.114815
0 0.448958 0.515278 0.018750 0.028704
0 0.483854 0.521759 0.047917 0.075000
0 0.561198 0.520370 0.026562 0.037037
0 0.624219 0.541667 0.081771 0.101852
0 0.566406 0.490741 0.022396 0.051852
0 0.459896 0.493519 0.016667 0.044444
0 0.485417 0.474537 0.020833 0.023148
0 0.432031 0.497685 0.013021 0.062037
0 0.569792 0.505093 0.013542 0.034259
