0 0.061198 0.464815 0.103646 0.027778
0 0.084896 0.432870 0.076042 0.076852
0 0.193490 0.457870 0.043229 0.026852
0 0.188281 0.402778 0.024479 0.044444
0 0.207813 0.406481 0.017708 0.025926
0 0.236719 0.419907 0.019271 0.025000
0 0.242969 0.391667 0.016146 0.025926
0 0.319271 0.421759 0.022917 0.026852
0 0.339583 0.431481 0.023958 0.037037
0 0.330729 0.399074 0.031250 0.050000
0 0.416667 0.405556 0.052083 0.075926
0 0.386719 0.447222 0.031771 0.057407
0 0.410156 0.469444 0.034896 0.057407
0 0.447917 0.533796 0.135417 0.184259
0 0.893229 0.539815 0.212500 0.409259
