0 0.064844 0.198611 0.050000 0.100000
0 0.108984 0.193056 0.039844 0.036111
0 0.190234 0.309722 0.030469 0.052778
0 0.190234 0.319444 0.025781 0.061111
0 0.221094 0.320139 0.059375 0.084722
0 0.130859 0.331944 0.058594 0.086111
0 0.020313 0.368750 0.040625 0.093056
0 0.067187 0.376389 0.100000 0.130556
0 0.138281 0.632639 0.276562 0.376389
0 0.203516 0.450694 0.164844 0.173611
0 0.281250 0.350000 0.081250 0.116667
0 0.326172 0.328472 0.047656 0.073611
0 0.351562 0.265278 0.078125 0.147222
0 0.399609 0.273611 0.027344 0.036111
0 0.462109 0.279861 0.030469 0.043056
0 0.456250 0.293056 0.020313 0.050000
0 0.429688 0.305556 0.050000 0.080556
0 0.416797 0.332639 0.063281 0.084722
0 0.492969 0.431944 0.128125 0.166667
0 0.500781 0.340278 0.095312 0.108333
