0 0.023177 0.507407 0.046354 0.033333
0 0.085677 0.467593 0.121354 0.111111
0 0.297917 0.466667 0.102083 0.105556
0 0.461979 0.499074 0.022917 0.024074
0 0.480469 0.534259 0.036979 0.055556
0 0.525781 0.536574 0.058854 0.086111
0 0.583073 0.495370 0.015104 0.024074
0 0.614062 0.533796 0.048958 0.073148
0 0.634115 0.509722 0.024479 0.063889
0 0.653906 0.519907 0.019271 0.034259
0 0.661979 0.503704 0.025000 0.050000
0 0.568229 0.494444 0.015625 0.027778
0 0.586458 0.518519 0.012500 0.024074
0 0.214844 0.510185 0.058854 0.018519
