0 0.092448 0.406944 0.184896 0.571296
0 0.257031 0.575463 0.142187 0.171296
0 0.389323 0.525463 0.060937 0.086111
0 0.381510 0.478241 0.033854 0.034259
0 0.400260 0.477315 0.019271 0.032407
0 0.417708 0.481944 0.019792 0.028704
0 0.453385 0.507870 0.023438 0.034259
0 0.497135 0.531481 0.075521 0.109259
0 0.541927 0.480093 0.031771 0.078704
0 0.546615 0.494444 0.013021 0.070370
0 0.568490 0.499537 0.038021 0.082407
0 0.608594 0.525000 0.063021 0.081481
0 0.760417 0.574074 0.146875 0.175926
0 0.966927 0.460185 0.065104 0.077778
