0 0.009375 0.494444 0.018750 0.100000
0 0.151562 0.441667 0.043750 0.058333
0 0.137500 0.455556 0.034375 0.047222
0 0.077344 0.467361 0.100000 0.212500
0 0.251953 0.468056 0.085156 0.125000
0 0.241797 0.506250 0.105469 0.104167
0 0.150391 0.563889 0.158594 0.175000
0 0.408594 0.772222 0.807813 0.452778
0 0.512109 0.356944 0.150781 0.213889
0 0.316406 0.491667 0.031250 0.080556
0 0.350000 0.491667 0.065625 0.111111
0 0.407422 0.493750 0.132031 0.106944
0 0.491797 0.565278 0.228906 0.219444
0 0.586328 0.502778 0.075781 0.088889
0 0.633594 0.448611 0.081250 0.072222
0 0.678125 0.570139 0.170313 0.212500
0 0.747656 0.639583 0.073438 0.284722
0 0.869922 0.681944 0.258594 0.583333
0 0.360156 0.494444 0.029687 0.100000
0 0.028516 0.513194 0.017969 0.090278
