0 0.765885 0.541204 0.059896 0.054630
0 0.667708 0.546759 0.131250 0.200926
0 0.712240 0.524074 0.015104 0.035185
0 0.595833 0.510648 0.025000 0.037963
0 0.564063 0.536574 0.063542 0.080556
0 0.546875 0.484722 0.041667 0.075000
0 0.520312 0.494444 0.020833 0.033333
0 0.506510 0.520370 0.045312 0.057407
0 0.495833 0.489815 0.026042 0.033333
0 0.445312 0.529167 0.062500 0.093519
0 0.416146 0.516667 0.017708 0.051852
0 0.395573 0.500000 0.028646 0.037037
0 0.408594 0.485648 0.019271 0.030556
0 0.390625 0.477778 0.018750 0.024074
0 0.373958 0.491204 0.023958 0.032407
0 0.354427 0.443519 0.028646 0.046296
