0 0.947396 0.648611 0.104167 0.475000
0 0.590885 0.518056 0.058854 0.108333
0 0.381510 0.552778 0.071354 0.092593
0 0.444531 0.533333 0.035937 0.046296
0 0.508594 0.541667 0.063021 0.090741
0 0.561719 0.534259 0.013021 0.042593
0 0.557031 0.528704 0.022396 0.037037
0 0.541146 0.516667 0.017708 0.024074
0 0.528646 0.485648 0.012500 0.025000
0 0.508333 0.481019 0.028125 0.030556
0 0.462240 0.495833 0.020313 0.036111
0 0.434115 0.493981 0.018229 0.028704
0 0.162500 0.507870 0.034375 0.030556
0 0.396354 0.490741 0.016667 0.025926
0 0.472396 0.520370 0.019792 0.025926
