0 0.530729 0.456481 0.048958 0.053704
0 0.455990 0.476852 0.028646 0.027778
0 0.776042 0.444907 0.013542 0.026852
0 0.756510 0.450000 0.017188 0.029630
0 0.728385 0.470833 0.019271 0.034259
0 0.759115 0.475463 0.017188 0.025000
0 0.742448 0.483333 0.022396 0.031481
0 0.673958 0.507407 0.040625 0.053704
0 0.641146 0.492130 0.032292 0.041667
0 0.590104 0.521759 0.039583 0.069444
0 0.553385 0.549537 0.092188 0.121296
0 0.963281 0.584722 0.072396 0.182407
0 0.791667 0.473611 0.018750 0.028704
0 0.798177 0.467593 0.014063 0.029630
0 0.809635 0.447222 0.013021 0.031481
