0 0.025000 0.345370 0.050000 0.127778
0 0.053646 0.348148 0.014583 0.059259
0 0.078906 0.357407 0.023438 0.042593
0 0.089583 0.347685 0.015625 0.030556
0 0.144531 0.329167 0.022396 0.041667
0 0.142708 0.376389 0.028125 0.080556
1 0.141667 0.350463 0.027083 0.073148
0 0.350000 0.321759 0.066667 0.062037
0 0.355729 0.339352 0.040625 0.026852
0 0.385417 0.335648 0.044792 0.036111
0 0.409896 0.337037 0.029167 0.033333
0 0.435677 0.336574 0.054688 0.037963
0 0.471354 0.332870 0.036458 0.041667
0 0.488802 0.342130 0.038021 0.028704
0 0.524740 0.341204 0.036979 0.032407
0 0.558073 0.346296 0.027604 0.025926
0 0.636979 0.348611 0.019792 0.028704
0 0.723437 0.411111 0.041667 0.079630
1 0.740625 0.401852 0.025000 0.101852
0 0.775521 0.424074 0.067708 0.103704
1 0.783594 0.392593 0.030729 0.075926
1 0.821094 0.423148 0.015104 0.064815
0 0.961979 0.487037 0.015625 0.085185
1 0.968750 0.475926 0.016667 0.118519
1 0.219792 0.336574 0.005208 0.026852
1 0.234375 0.336574 0.006250 0.028704
