0 0.480208 0.335185 0.018750 0.025926
0 0.493229 0.337500 0.026042 0.023148
0 0.528646 0.339815 0.034375 0.027778
0 0.521354 0.321759 0.043750 0.050926
0 0.572135 0.328241 0.058854 0.067593
0 0.609375 0.343981 0.020833 0.036111
0 0.634635 0.352315 0.056771 0.039815
0 0.666146 0.354167 0.034375 0.034259
0 0.714063 0.361574 0.064583 0.054630
0 0.761719 0.374537 0.054688 0.049074
0 0.782552 0.373148 0.042188 0.050000
0 0.808594 0.384259 0.025521 0.033333
0 0.835156 0.391204 0.052604 0.039815
0 0.961719 0.430093 0.054688 0.071296
