0 0.027083 0.676852 0.054167 0.298148
0 0.208333 0.533333 0.161458 0.216667
0 0.309375 0.496759 0.073958 0.121296
0 0.344271 0.495833 0.013542 0.062037
0 0.209896 0.412963 0.042708 0.029630
0 0.289062 0.421759 0.033333 0.056481
0 0.343750 0.462037 0.014583 0.035185
0 0.370833 0.452315 0.045833 0.084259
0 0.419531 0.490278 0.060937 0.128704
0 0.448958 0.514352 0.107292 0.167593
0 0.526042 0.496296 0.057292 0.087037
0 0.615625 0.528704 0.100000 0.127778
0 0.048958 0.414815 0.021875 0.044444
0 0.111458 0.450463 0.019792 0.030556
0 0.089583 0.459259 0.022917 0.022222
0 0.037760 0.455556 0.019271 0.027778
0 0.172135 0.413889 0.027604 0.027778
