1 0.748828 0.393056 0.017969 0.094444
0 0.019141 0.284028 0.033594 0.037500
0 0.179688 0.419444 0.029687 0.041667
0 0.128125 0.425000 0.054688 0.083333
0 0.074219 0.455556 0.073438 0.088889
0 0.017188 0.480556 0.034375 0.150000
0 0.011719 0.840972 0.023438 0.315278
0 0.216797 0.528472 0.158594 0.193056
0 0.232422 0.429861 0.094531 0.090278
0 0.287109 0.435417 0.046094 0.084722
0 0.321484 0.375000 0.086719 0.166667
0 0.406250 0.400000 0.048438 0.063889
0 0.385937 0.434722 0.068750 0.094444
0 0.475781 0.438194 0.106250 0.143056
0 0.460156 0.517361 0.139063 0.181944
