0 0.811979 0.580556 0.103125 0.131481
0 0.777083 0.520370 0.020833 0.037037
0 0.797917 0.503704 0.020833 0.024074
0 0.713542 0.523611 0.023958 0.043519
0 0.674219 0.519444 0.028646 0.044444
0 0.573698 0.493981 0.039062 0.039815
0 0.422396 0.473611 0.081250 0.084259
0 0.299479 0.465741 0.103125 0.092593
0 0.051302 0.437963 0.102604 0.122222
0 0.434635 0.557407 0.071354 0.098148
0 0.539583 0.560185 0.089583 0.129630
0 0.598437 0.540278 0.040625 0.052778
0 0.663802 0.555093 0.052604 0.069444
0 0.694531 0.533796 0.014063 0.041667
