1 0.808333 0.504630 0.025000 0.138889
0 0.711198 0.526852 0.084896 0.107407
0 0.623437 0.525926 0.089583 0.064815
0 0.403646 0.723148 0.545833 0.551852
0 0.285156 0.399537 0.172396 0.126852
0 0.209635 0.580093 0.111979 0.230556
0 0.017188 0.634259 0.034375 0.157407
0 0.021094 0.547685 0.042188 0.052778
0 0.028385 0.482870 0.022396 0.043519
0 0.058333 0.507870 0.044792 0.108333
0 0.085677 0.545833 0.029687 0.039815
0 0.122917 0.586111 0.082292 0.138889
0 0.119531 0.509722 0.022396 0.023148
0 0.093750 0.515278 0.025000 0.025000
