1 0.392969 0.484722 0.018750 0.063889
1 0.774609 0.390278 0.041406 0.161111
0 0.043750 0.465278 0.023438 0.047222
0 0.055859 0.515278 0.042969 0.050000
0 0.054297 0.589583 0.041406 0.148611
0 0.019531 0.541667 0.039062 0.311111
0 0.173828 0.495139 0.097656 0.062500
0 0.348438 0.449306 0.256250 0.154167
0 0.658594 0.487500 0.031250 0.236111
0 0.630078 0.494444 0.030469 0.113889
0 0.614453 0.487500 0.024219 0.080556
0 0.542188 0.497917 0.064062 0.087500
0 0.577734 0.468056 0.058594 0.080556
0 0.773828 0.478472 0.232031 0.437500
0 0.942578 0.546528 0.113281 0.637500
