0 0.048698 0.488889 0.069271 0.050000
0 0.133594 0.488426 0.115104 0.045370
0 0.136719 0.446296 0.105729 0.064815
0 0.211198 0.479167 0.040104 0.063889
0 0.266406 0.490741 0.038021 0.035185
1 0.320573 0.491667 0.011979 0.025926
0 0.364583 0.541667 0.093750 0.133333
0 0.440365 0.466204 0.024479 0.039815
0 0.431771 0.523611 0.025000 0.073148
0 0.485417 0.485648 0.104167 0.313889
0 0.550521 0.508333 0.037500 0.079630
0 0.575000 0.504167 0.026042 0.060185
0 0.596875 0.500926 0.014583 0.025926
0 0.619271 0.455556 0.029167 0.092593
0 0.618750 0.520370 0.030208 0.081481
0 0.689323 0.495833 0.113021 0.284259
0 0.136979 0.444907 0.104167 0.062037
