0 0.866927 0.499537 0.263021 0.999074
0 0.681250 0.499074 0.163542 0.274074
0 0.525781 0.536574 0.031771 0.041667
0 0.530208 0.518981 0.029167 0.025000
0 0.465365 0.533796 0.044271 0.063889
0 0.438542 0.543056 0.015625 0.028704
0 0.492708 0.538889 0.015625 0.037037
0 0.384375 0.492593 0.071875 0.166667
0 0.366406 0.548611 0.057813 0.073148
0 0.334635 0.548611 0.015104 0.032407
0 0.276562 0.538426 0.042708 0.043519
0 0.232552 0.546759 0.046354 0.049074
0 0.214844 0.511574 0.073438 0.080556
0 0.095573 0.578241 0.080729 0.091667
0 0.069271 0.563426 0.058333 0.078704
