0 0.157031 0.363889 0.043750 0.055556
0 0.107031 0.384028 0.031250 0.054167
0 0.026953 0.411806 0.053906 0.131944
0 0.012500 0.459722 0.025000 0.086111
0 0.324219 0.388194 0.056250 0.043056
0 0.404297 0.381250 0.021094 0.037500
0 0.424609 0.380556 0.044531 0.036111
0 0.455859 0.368750 0.033594 0.034722
0 0.280469 0.433333 0.051562 0.063889
0 0.536719 0.363194 0.059375 0.112500
0 0.409375 0.437500 0.051562 0.080556
0 0.363672 0.490972 0.107031 0.162500
0 0.121094 0.705556 0.242188 0.377778
0 0.496094 0.486806 0.185938 0.193056
0 0.471094 0.775000 0.368750 0.447222
0 0.588672 0.368750 0.030469 0.051389
0 0.651172 0.363889 0.038281 0.044444
0 0.595313 0.387500 0.028125 0.044444
0 0.601562 0.401389 0.034375 0.055556
0 0.621875 0.399306 0.046875 0.040278
0 0.619141 0.440278 0.044531 0.080556
0 0.661328 0.465278 0.066406 0.158333
0 0.756250 0.497917 0.150000 0.262500
0 0.828906 0.568056 0.229687 0.338889
0 0.962891 0.779861 0.072656 0.368056
