0 0.830208 0.412963 0.017708 0.033333
0 0.791146 0.412500 0.014583 0.030556
0 0.773177 0.412037 0.022396 0.055556
0 0.706771 0.435648 0.023958 0.034259
0 0.692448 0.429167 0.013021 0.023148
0 0.651042 0.428704 0.031250 0.050000
0 0.415104 0.421296 0.022917 0.040741
0 0.390885 0.407870 0.030729 0.076852
0 0.382552 0.432870 0.013021 0.047222
0 0.346354 0.437500 0.066667 0.136111
0 0.280208 0.434722 0.036458 0.050926
0 0.199479 0.454167 0.067708 0.082407
0 0.047917 0.489815 0.095833 0.168519
0 0.731250 0.429630 0.015625 0.020370
0 0.598958 0.412963 0.012500 0.022222
0 0.514844 0.407407 0.017188 0.031481
