0 0.256250 0.634028 0.187500 0.268056
0 0.339453 0.605556 0.061719 0.205556
0 0.339453 0.578472 0.094531 0.165278
0 0.353516 0.544444 0.088281 0.138889
0 0.368359 0.505556 0.082031 0.141667
0 0.375391 0.462500 0.072656 0.097222
0 0.493750 0.536806 0.101562 0.148611
0 0.487500 0.461111 0.084375 0.088889
0 0.433594 0.351389 0.193750 0.125000
0 0.547656 0.335417 0.060937 0.068056
0 0.518750 0.304167 0.042188 0.058333
0 0.472656 0.256250 0.031250 0.051389
0 0.489453 0.227083 0.028906 0.040278
0 0.875000 0.370139 0.115625 0.059722
