0 0.015104 0.586574 0.030208 0.193519
0 0.196875 0.428241 0.335417 0.558333
0 0.397396 0.452315 0.101042 0.141667
0 0.460677 0.453704 0.039062 0.050000
0 0.486979 0.468056 0.017708 0.030556
0 0.439844 0.657870 0.266146 0.362037
0 0.524219 0.514352 0.035937 0.065741
0 0.553125 0.507407 0.023958 0.033333
0 0.555469 0.482870 0.031771 0.062037
0 0.587500 0.510648 0.031250 0.050926
0 0.595833 0.479630 0.031250 0.050000
0 0.601562 0.497685 0.015625 0.026852
0 0.634896 0.481019 0.029167 0.065741
0 0.630208 0.463889 0.018750 0.025926
0 0.631250 0.491667 0.018750 0.025926
0 0.658073 0.487963 0.014063 0.024074
0 0.835677 0.488889 0.327604 0.585185
