0 0.467187 0.522917 0.084375 0.112500
0 0.522266 0.478472 0.058594 0.081944
0 0.556250 0.467361 0.034375 0.059722
0 0.574219 0.454167 0.020313 0.036111
0 0.631250 0.452778 0.037500 0.052778
0 0.601953 0.495833 0.061719 0.091667
0 0.414453 0.493750 0.053906 0.081944
0 0.316016 0.516667 0.091406 0.119444
0 0.349219 0.581250 0.157812 0.198611
0 0.267188 0.517361 0.042188 0.090278
0 0.225391 0.570139 0.066406 0.145833
0 0.033203 0.525694 0.066406 0.070833
0 0.124219 0.703472 0.248438 0.409722
0 0.955859 0.537500 0.086719 0.175000
0 0.891406 0.509028 0.092188 0.129167
0 0.692578 0.488194 0.024219 0.115278
0 0.681641 0.450000 0.027344 0.050000
0 0.668359 0.415278 0.024219 0.061111
0 0.748437 0.475694 0.103125 0.223611
0 0.260547 0.465972 0.024219 0.043056
0 0.408203 0.450694 0.047656 0.034722
