0 0.047656 0.488426 0.044271 0.034259
0 0.185156 0.487500 0.057813 0.043519
0 0.039062 0.590741 0.078125 0.196296
0 0.232552 0.547685 0.079687 0.099074
0 0.343229 0.478704 0.136458 0.262963
0 0.411979 0.535185 0.020833 0.055556
0 0.486198 0.574074 0.126562 0.196296
0 0.576823 0.527778 0.022396 0.046296
0 0.434896 0.522685 0.015625 0.039815
0 0.654948 0.466667 0.161979 0.316667
0 0.746354 0.508333 0.028125 0.025926
0 0.790885 0.498148 0.056771 0.083333
0 0.808594 0.523148 0.033854 0.057407
1 0.818229 0.537037 0.014583 0.068519
0 0.847396 0.532407 0.055208 0.077778
0 0.871615 0.546296 0.034896 0.064815
0 0.908073 0.544444 0.054688 0.077778
0 0.964323 0.543981 0.069271 0.097222
0 0.988281 0.548148 0.022396 0.094444
