0 0.053385 0.582870 0.106771 0.186111
0 0.134115 0.486111 0.052604 0.042593
0 0.276823 0.574537 0.141146 0.176852
0 0.348958 0.528704 0.055208 0.087037
0 0.405208 0.489352 0.078125 0.130556
0 0.479687 0.525000 0.034375 0.050000
0 0.526302 0.543981 0.079687 0.119444
0 0.539583 0.481481 0.037500 0.048148
0 0.573438 0.481944 0.031250 0.043519
0 0.576823 0.512037 0.029687 0.048148
0 0.622135 0.488889 0.050521 0.131481
0 0.626823 0.525926 0.053646 0.107407
0 0.697135 0.565741 0.116146 0.148148
0 0.919531 0.435648 0.159896 0.478704
0 0.664323 0.508796 0.026562 0.047222
