0 0.038281 0.461574 0.076563 0.100926
0 0.161979 0.489352 0.032292 0.036111
0 0.190365 0.493519 0.029687 0.024074
0 0.044792 0.575463 0.089583 0.252778
0 0.564063 0.490741 0.032292 0.074074
0 0.593229 0.519907 0.054167 0.078704
0 0.801562 0.537500 0.102083 0.130556
0 0.490104 0.490741 0.013542 0.025926
0 0.470573 0.501389 0.020313 0.030556
0 0.451042 0.507407 0.029167 0.040741
0 0.432292 0.498611 0.017708 0.028704
0 0.398177 0.508333 0.035937 0.053704
0 0.516927 0.535648 0.072396 0.108333
0 0.314583 0.549537 0.129167 0.184259
