1 0.222917 0.366204 0.014583 0.113889
1 0.236458 0.347685 0.013542 0.089815
1 0.319792 0.345833 0.021875 0.130556
1 0.402604 0.312037 0.012500 0.048148
1 0.585156 0.375000 0.029687 0.138889
1 0.574219 0.401852 0.079687 0.101852
0 0.723698 0.378704 0.060937 0.112963
0 0.760677 0.378704 0.021354 0.044444
0 0.783594 0.372685 0.017188 0.043519
0 0.827604 0.399074 0.043750 0.081481
0 0.852344 0.400000 0.017188 0.035185
0 0.876563 0.400000 0.021875 0.046296
0 0.902344 0.418981 0.042188 0.063889
0 0.957031 0.452778 0.076563 0.122222
1 0.804688 0.403704 0.027083 0.124074
0 0.805208 0.418519 0.029167 0.100000
1 0.192448 0.350000 0.010937 0.070370
1 0.161198 0.376389 0.026562 0.049074
0 0.105729 0.381944 0.016667 0.049074
0 0.398438 0.341204 0.019792 0.045370
