0 0.032813 0.426389 0.065625 0.091667
0 0.114062 0.436806 0.057813 0.076389
0 0.021875 0.513889 0.043750 0.100000
0 0.238281 0.432639 0.056250 0.073611
0 0.262109 0.490972 0.030469 0.051389
0 0.223438 0.461806 0.050000 0.040278
0 0.213281 0.511111 0.090625 0.105556
0 0.199219 0.564583 0.056250 0.140278
0 0.109375 0.600000 0.195312 0.266667
0 0.041406 0.752083 0.082812 0.379167
0 0.312109 0.500000 0.036719 0.061111
0 0.389453 0.501389 0.113281 0.055556
0 0.350391 0.495139 0.069531 0.070833
0 0.355859 0.763889 0.421094 0.469444
0 0.519531 0.425000 0.165625 0.330556
0 0.610547 0.597917 0.155469 0.190278
0 0.877344 0.786111 0.243750 0.425000
0 0.673438 0.477083 0.070312 0.051389
0 0.689844 0.535417 0.092188 0.140278
0 0.779297 0.531250 0.085156 0.104167
0 0.825781 0.580556 0.151562 0.163889
0 0.919922 0.529861 0.099219 0.087500
0 0.283594 0.501389 0.023438 0.063889
0 0.295312 0.501389 0.028125 0.063889
