0 0.115104 0.567130 0.230208 0.545370
0 0.226562 0.524537 0.036458 0.091667
0 0.340625 0.520370 0.115625 0.140741
0 0.410677 0.498148 0.057813 0.083333
0 0.440104 0.485185 0.033333 0.059259
0 0.452865 0.476852 0.027604 0.051852
0 0.295833 0.442130 0.033333 0.037963
0 0.322135 0.442593 0.021354 0.024074
0 0.373437 0.432407 0.047917 0.061111
0 0.416406 0.437037 0.028646 0.035185
0 0.446354 0.435648 0.016667 0.030556
0 0.527865 0.494444 0.135937 0.225926
0 0.589323 0.457870 0.040104 0.121296
0 0.610417 0.485185 0.029167 0.114815
0 0.673698 0.418981 0.123438 0.282407
0 0.815885 0.437963 0.190104 0.109259
0 0.787760 0.603704 0.330729 0.350000
0 0.373698 0.465278 0.023438 0.028704
