0 0.216797 0.429167 0.047656 0.041667
0 0.210938 0.448611 0.035937 0.033333
0 0.220312 0.458333 0.029687 0.036111
0 0.153125 0.452778 0.045312 0.047222
0 0.038672 0.484028 0.074219 0.062500
0 0.220312 0.492361 0.028125 0.065278
0 0.156641 0.520139 0.075781 0.087500
0 0.121484 0.534722 0.133594 0.083333
0 0.009766 0.532639 0.019531 0.104167
0 0.263281 0.498611 0.123438 0.130556
0 0.220703 0.492361 0.027344 0.065278
0 0.369922 0.414583 0.057031 0.059722
0 0.451953 0.393750 0.092969 0.101389
0 0.480078 0.659722 0.439844 0.430556
0 0.391016 0.773611 0.780469 0.450000
0 0.704297 0.430556 0.035156 0.077778
0 0.663672 0.447222 0.025781 0.044444
0 0.635156 0.459028 0.039062 0.051389
0 0.645703 0.488194 0.053906 0.084722
0 0.710156 0.568750 0.129688 0.195833
0 0.746094 0.452778 0.026562 0.038889
0 0.781641 0.490278 0.067969 0.086111
0 0.871094 0.670833 0.256250 0.327778
0 0.876172 0.471528 0.114844 0.087500
1 0.985547 0.450694 0.010156 0.056944
1 0.978516 0.451389 0.008594 0.052778
1 0.972266 0.456250 0.010156 0.065278
