0 0.477604 0.354630 0.023958 0.051852
0 0.504948 0.351389 0.035937 0.076852
0 0.554427 0.374074 0.022396 0.031481
0 0.777604 0.421296 0.015625 0.024074
0 0.808854 0.407870 0.054167 0.060185
0 0.822396 0.431019 0.032292 0.028704
0 0.850781 0.432870 0.031771 0.037963
0 0.870573 0.442130 0.034896 0.036111
0 0.919531 0.462500 0.053646 0.071296
0 0.939583 0.446296 0.020833 0.025926
0 0.950260 0.466667 0.018229 0.027778
0 0.989323 0.475926 0.017188 0.029630
1 0.705208 0.397685 0.008333 0.030556
1 0.669792 0.389352 0.006250 0.026852
1 0.611458 0.379167 0.005208 0.028704
1 0.198958 0.375000 0.007292 0.037037
1 0.215885 0.375926 0.007812 0.035185
1 0.226302 0.374537 0.005729 0.037963
1 0.230990 0.374537 0.005729 0.037963
1 0.247656 0.373148 0.008854 0.038889
1 0.260677 0.374537 0.006771 0.036111
1 0.282552 0.372222 0.006771 0.040741
1 0.292448 0.374074 0.006771 0.037037
1 0.303906 0.369444 0.006771 0.042593
1 0.312500 0.371759 0.006250 0.041667
