0 0.079948 0.367593 0.038021 0.033333
0 0.119531 0.337500 0.025521 0.026852
0 0.194792 0.354630 0.133333 0.109259
0 0.290365 0.343056 0.081771 0.089815
0 0.335677 0.338889 0.026562 0.074074
0 0.488542 0.305093 0.246875 0.128704
0 0.504427 0.348148 0.076563 0.068519
0 0.565365 0.352778 0.154688 0.105556
0 0.702083 0.370833 0.068750 0.054630
0 0.750781 0.365278 0.089063 0.049074
0 0.775521 0.397685 0.128125 0.089815
0 0.848958 0.397685 0.071875 0.084259
0 0.931771 0.443981 0.067708 0.075000
0 0.990104 0.465741 0.018750 0.044444
