0 0.063281 0.520370 0.104688 0.038889
0 0.158073 0.519444 0.105729 0.035185
0 0.198437 0.499074 0.040625 0.051852
0 0.397917 0.507870 0.018750 0.030556
0 0.414323 0.515741 0.020313 0.029630
0 0.519010 0.506944 0.015104 0.028704
0 0.508333 0.526852 0.032292 0.046296
0 0.558333 0.501389 0.039583 0.080556
0 0.589844 0.495370 0.027604 0.055556
0 0.602604 0.489815 0.022917 0.051852
0 0.590625 0.538426 0.041667 0.052778
0 0.648958 0.562500 0.079167 0.100926
0 0.669531 0.515278 0.030729 0.043519
0 0.681771 0.495370 0.038542 0.079630
0 0.763802 0.497222 0.143229 0.218519
0 0.860417 0.554167 0.058333 0.084259
0 0.984635 0.742130 0.029687 0.304630
0 0.470833 0.453241 0.012500 0.025000
