0 0.119010 0.633333 0.238021 0.307407
0 0.269271 0.534259 0.076042 0.105556
0 0.321615 0.536111 0.048438 0.072222
0 0.342187 0.493056 0.032292 0.030556
0 0.383594 0.533796 0.069271 0.100926
0 0.430208 0.529167 0.036458 0.056481
0 0.450521 0.522222 0.021875 0.038889
0 0.459375 0.498148 0.030208 0.070370
0 0.496094 0.522685 0.052604 0.095370
0 0.545573 0.514352 0.029687 0.049074
0 0.591667 0.513426 0.025000 0.050926
0 0.624740 0.545370 0.080729 0.101852
0 0.921094 0.427778 0.156771 0.483333
0 0.009896 0.516667 0.019792 0.090741
0 0.528906 0.508796 0.017188 0.041667
