0 0.219531 0.428472 0.053125 0.040278
0 0.283594 0.437500 0.059375 0.055556
0 0.275391 0.449306 0.036719 0.034722
0 0.244922 0.455556 0.036719 0.058333
0 0.192969 0.500000 0.079687 0.094444
0 0.152734 0.455556 0.044531 0.052778
0 0.039844 0.482639 0.073438 0.062500
0 0.016406 0.544444 0.032813 0.077778
0 0.265234 0.515278 0.063281 0.097222
0 0.164844 0.547917 0.139063 0.056944
0 0.391016 0.770139 0.780469 0.456944
0 0.479687 0.644444 0.434375 0.402778
0 0.746484 0.580556 0.194531 0.266667
0 0.849609 0.513194 0.088281 0.148611
0 0.657813 0.492361 0.059375 0.090278
0 0.640234 0.470139 0.052344 0.079167
1 0.984766 0.452083 0.010156 0.056944
1 0.979688 0.450694 0.009375 0.051389
1 0.971875 0.456944 0.010937 0.063889
