0 0.022656 0.432639 0.020313 0.045833
0 0.023828 0.463889 0.021094 0.038889
0 0.121094 0.450694 0.028125 0.040278
0 0.103125 0.474306 0.060937 0.048611
0 0.153125 0.476389 0.048438 0.075000
0 0.159375 0.489583 0.051562 0.070833
0 0.233594 0.462500 0.042188 0.055556
0 0.282813 0.417361 0.110937 0.068056
0 0.247266 0.500000 0.066406 0.100000
0 0.312500 0.491667 0.028125 0.066667
0 0.326172 0.493056 0.024219 0.080556
0 0.350781 0.504167 0.053125 0.102778
0 0.348828 0.517361 0.028906 0.101389
0 0.387500 0.525694 0.087500 0.134722
0 0.427734 0.418750 0.092969 0.165278
0 0.527344 0.431250 0.112500 0.065278
0 0.450000 0.505556 0.039062 0.083333
0 0.479297 0.515278 0.069531 0.100000
0 0.499219 0.532639 0.034375 0.115278
0 0.551172 0.522917 0.107031 0.168056
0 0.578125 0.554861 0.090625 0.143056
0 0.613281 0.584028 0.104688 0.184722
0 0.667578 0.615972 0.152344 0.231944
0 0.775000 0.693750 0.220312 0.329167
0 0.897266 0.794444 0.203906 0.408333
0 0.629297 0.458333 0.055469 0.036111
