0 0.274609 0.429167 0.055469 0.038889
0 0.216406 0.453472 0.042188 0.048611
0 0.340234 0.432639 0.053906 0.040278
0 0.332031 0.452083 0.031250 0.034722
0 0.304297 0.445833 0.028906 0.036111
0 0.258203 0.482639 0.057031 0.101389
0 0.108203 0.479167 0.089844 0.058333
0 0.040234 0.475694 0.039844 0.048611
1 0.014453 0.493750 0.013281 0.090278
1 0.029687 0.514583 0.015625 0.081944
0 0.009375 0.577083 0.018750 0.173611
0 0.130859 0.506944 0.092969 0.047222
0 0.137109 0.593750 0.158594 0.187500
0 0.292578 0.527778 0.089844 0.116667
0 0.360156 0.508333 0.050000 0.088889
0 0.355469 0.477083 0.045312 0.056944
0 0.403125 0.452083 0.042188 0.040278
0 0.456250 0.418750 0.043750 0.045833
0 0.555469 0.407639 0.059375 0.068056
0 0.485156 0.740972 0.414062 0.515278
0 0.732812 0.412500 0.057813 0.080556
0 0.674219 0.448611 0.051562 0.169444
0 0.686328 0.497917 0.061719 0.104167
0 0.743359 0.539583 0.116406 0.176389
0 0.859766 0.652083 0.227344 0.281944
0 0.835938 0.480556 0.075000 0.069444
0 0.904297 0.447222 0.060156 0.111111
0 0.548438 0.578472 0.253125 0.276389
1 0.972266 0.453472 0.008594 0.062500
