1 0.811979 0.539352 0.005208 0.028704
1 0.789062 0.539352 0.007292 0.028704
1 0.745313 0.537037 0.008333 0.031481
0 0.874479 0.531481 0.036458 0.037037
0 0.776823 0.542593 0.026562 0.025926
0 0.753646 0.540741 0.057292 0.027778
0 0.660156 0.568056 0.105729 0.158333
0 0.576823 0.561574 0.025521 0.032407
0 0.496354 0.564352 0.033333 0.080556
0 0.528125 0.570833 0.065625 0.097222
0 0.421615 0.572222 0.048438 0.098148
0 0.394792 0.580093 0.046875 0.117593
0 0.343750 0.579630 0.092708 0.157407
0 0.336458 0.602315 0.072917 0.186111
0 0.228646 0.603704 0.200000 0.300000
0 0.117969 0.692130 0.235937 0.397222
