0 0.031510 0.485185 0.063021 0.025926
0 0.285156 0.528241 0.057813 0.102778
0 0.331771 0.562500 0.113542 0.145370
0 0.408333 0.502778 0.029167 0.046296
0 0.451302 0.478704 0.056771 0.122222
0 0.484115 0.484722 0.018229 0.073148
0 0.516406 0.546296 0.081771 0.122222
0 0.565625 0.480556 0.040625 0.094444
0 0.612240 0.521759 0.058854 0.104630
0 0.716406 0.575463 0.130729 0.163889
0 0.811198 0.470833 0.151562 0.282407
0 0.992448 0.565741 0.014063 0.162963
0 0.404948 0.469444 0.023438 0.024074
0 0.542708 0.488889 0.016667 0.040741
