0 0.081510 0.628704 0.163021 0.400000
0 0.036979 0.402315 0.058333 0.071296
0 0.089583 0.430093 0.014583 0.028704
0 0.148958 0.410185 0.025000 0.029630
0 0.186198 0.421296 0.027604 0.053704
0 0.214062 0.427778 0.031250 0.070370
0 0.210938 0.480093 0.027083 0.084259
0 0.275000 0.506019 0.130208 0.180556
0 0.337500 0.475926 0.057292 0.116667
0 0.292708 0.403704 0.031250 0.029630
0 0.384896 0.437500 0.048958 0.084259
0 0.453385 0.473611 0.080729 0.136111
0 0.503646 0.467593 0.030208 0.070370
0 0.538281 0.486111 0.040104 0.083333
0 0.591146 0.496296 0.096875 0.151852
