0 0.069792 0.719907 0.139583 0.558333
0 0.142708 0.486574 0.047917 0.032407
0 0.200781 0.487037 0.071354 0.029630
0 0.257552 0.471759 0.053646 0.052778
0 0.374479 0.476852 0.021875 0.027778
0 0.394271 0.478241 0.016667 0.023148
0 0.478646 0.494444 0.014583 0.024074
0 0.470833 0.499074 0.019792 0.027778
0 0.455208 0.505556 0.023958 0.048148
0 0.422917 0.511574 0.058333 0.082407
0 0.505208 0.498611 0.029167 0.043519
0 0.540885 0.480093 0.022396 0.076852
0 0.555208 0.486574 0.017708 0.093519
0 0.594531 0.478241 0.074479 0.141667
0 0.672135 0.481481 0.063021 0.120370
0 0.725000 0.553241 0.122917 0.149074
