0 0.201042 0.453704 0.085417 0.105556
0 0.378125 0.526852 0.021875 0.042593
0 0.379427 0.530556 0.017188 0.035185
0 0.389062 0.531481 0.016667 0.040741
0 0.406510 0.529630 0.025521 0.055556
0 0.478906 0.567593 0.155729 0.242593
0 0.534115 0.470833 0.041146 0.052778
0 0.565885 0.539352 0.046354 0.086111
0 0.586458 0.518519 0.014583 0.031481
0 0.631250 0.550926 0.098958 0.135185
0 0.683333 0.542130 0.029167 0.073148
0 0.710677 0.543519 0.050521 0.116667
0 0.812240 0.577778 0.211979 0.272222
0 0.916667 0.518519 0.029167 0.057407
0 0.955469 0.576852 0.088021 0.222222
