0 0.064062 0.391204 0.037500 0.025000
0 0.033854 0.412037 0.067708 0.055556
0 0.151562 0.424074 0.125000 0.103704
0 0.100260 0.620370 0.200521 0.364815
0 0.413542 0.493981 0.046875 0.060185
0 0.450000 0.482870 0.026042 0.032407
0 0.465104 0.479167 0.015625 0.025000
0 0.470313 0.474074 0.015625 0.027778
0 0.495312 0.457407 0.041667 0.096296
0 0.521615 0.473611 0.011979 0.021296
0 0.542969 0.481019 0.025521 0.034259
0 0.575260 0.495370 0.049479 0.068519
0 0.745052 0.462037 0.020313 0.024074
0 0.893229 0.364815 0.212500 0.522222
