0 0.486198 0.647222 0.268229 0.366667
0 0.567708 0.483796 0.013542 0.026852
0 0.600000 0.490741 0.061458 0.122222
0 0.646094 0.459722 0.045312 0.073148
0 0.678385 0.469444 0.023438 0.024074
0 0.707031 0.477315 0.047396 0.028704
0 0.669010 0.549537 0.118229 0.136111
0 0.751302 0.538426 0.076563 0.099074
0 0.761979 0.498148 0.042708 0.037037
0 0.801823 0.497222 0.046354 0.042593
0 0.854167 0.505093 0.072917 0.030556
0 0.911719 0.499537 0.046354 0.039815
0 0.965885 0.476389 0.067187 0.023148
0 0.934375 0.578241 0.130208 0.186111
