0 0.096875 0.645139 0.193750 0.359722
0 0.158203 0.438194 0.061719 0.098611
0 0.189453 0.508333 0.080469 0.119444
0 0.250000 0.488194 0.056250 0.087500
0 0.297266 0.532639 0.119531 0.154167
0 0.367578 0.457639 0.038281 0.051389
0 0.417969 0.472917 0.054688 0.076389
0 0.423828 0.436111 0.038281 0.038889
0 0.526172 0.786111 0.375781 0.425000
0 0.564063 0.520833 0.120313 0.119444
0 0.567578 0.441667 0.028906 0.038889
0 0.637500 0.463194 0.029687 0.056944
0 0.670312 0.466667 0.050000 0.108333
0 0.703516 0.464583 0.074219 0.173611
