0 0.011458 0.400463 0.022917 0.195370
0 0.020313 0.391667 0.032292 0.111111
0 0.019010 0.520370 0.038021 0.155556
0 0.129427 0.561574 0.243229 0.323148
0 0.225260 0.465741 0.022396 0.038889
0 0.241927 0.446296 0.013021 0.027778
0 0.292708 0.507407 0.122917 0.177778
0 0.350000 0.497222 0.028125 0.105556
0 0.361198 0.475000 0.048438 0.081481
0 0.364583 0.453704 0.036458 0.044444
0 0.390885 0.470833 0.017188 0.043519
0 0.419271 0.450463 0.047917 0.110185
0 0.485677 0.492593 0.133854 0.225926
0 0.760938 0.502778 0.037500 0.055556
