0 0.696354 0.520833 0.015625 0.032407
0 0.653125 0.541667 0.125000 0.190741
0 0.578125 0.506019 0.027083 0.036111
0 0.555208 0.532407 0.063542 0.079630
0 0.521875 0.480093 0.037500 0.073148
0 0.483333 0.485185 0.025000 0.033333
0 0.497917 0.517130 0.044792 0.058333
0 0.439063 0.526389 0.063542 0.095370
0 0.408594 0.514815 0.020313 0.051852
0 0.388542 0.498148 0.028125 0.037037
0 0.397656 0.483796 0.022396 0.032407
0 0.381250 0.478241 0.018750 0.028704
0 0.365104 0.488889 0.021875 0.031481
0 0.347396 0.476389 0.019792 0.023148
0 0.345833 0.441667 0.029167 0.046296
