0 0.147656 0.456944 0.045312 0.050000
0 0.263672 0.444444 0.110156 0.191667
0 0.209766 0.498611 0.075781 0.091667
0 0.305859 0.483333 0.078906 0.097222
0 0.080859 0.469444 0.066406 0.058333
0 0.033984 0.486111 0.067969 0.063889
0 0.364063 0.767361 0.728125 0.462500
0 0.476562 0.526389 0.307812 0.161111
0 0.598047 0.431250 0.047656 0.101389
0 0.629687 0.463194 0.037500 0.059722
0 0.700781 0.458333 0.037500 0.072222
0 0.744141 0.431944 0.030469 0.058333
0 0.724609 0.463889 0.049219 0.050000
0 0.776953 0.525000 0.183594 0.127778
0 0.932813 0.440278 0.081250 0.147222
1 0.980469 0.456944 0.010937 0.063889
0 0.934766 0.807639 0.128906 0.381944
