1 0.964844 0.531019 0.010937 0.063889
0 0.919792 0.535648 0.071875 0.050926
0 0.865885 0.534259 0.049479 0.046296
0 0.793750 0.530556 0.041667 0.040741
0 0.741146 0.527315 0.056250 0.052778
0 0.017708 0.509259 0.035417 0.031481
0 0.117708 0.503704 0.044792 0.035185
0 0.088281 0.508796 0.032813 0.028704
0 0.315885 0.506481 0.017188 0.024074
0 0.415625 0.519907 0.013542 0.021296
0 0.546094 0.515278 0.017188 0.028704
0 0.526563 0.514815 0.014583 0.027778
0 0.502083 0.511574 0.017708 0.028704
0 0.480469 0.509722 0.020313 0.026852
0 0.430208 0.507407 0.014583 0.029630
