0 0.057813 0.605556 0.115625 0.230556
0 0.249609 0.525000 0.057031 0.077778
0 0.259766 0.465972 0.025781 0.043056
0 0.421094 0.540278 0.100000 0.138889
0 0.387109 0.506944 0.057031 0.102778
0 0.476172 0.461806 0.024219 0.034722
0 0.511328 0.486806 0.064844 0.101389
0 0.548047 0.474306 0.025781 0.059722
0 0.603125 0.493750 0.062500 0.090278
0 0.971484 0.546528 0.055469 0.176389
0 0.797656 0.461111 0.039062 0.063889
0 0.755469 0.530556 0.104688 0.141667
0 0.725000 0.477083 0.060937 0.106944
0 0.761328 0.436111 0.036719 0.041667
0 0.631250 0.451389 0.037500 0.052778
0 0.419531 0.452778 0.025000 0.038889
0 0.379688 0.459028 0.054688 0.076389
0 0.505859 0.413194 0.036719 0.051389
0 0.564453 0.451389 0.036719 0.061111
0 0.673438 0.437500 0.028125 0.052778
0 0.669922 0.419444 0.030469 0.072222
