0 0.069792 0.508796 0.065625 0.025000
0 0.221094 0.576389 0.173437 0.237963
0 0.263542 0.483333 0.052083 0.072222
0 0.308073 0.494907 0.034896 0.043519
0 0.321354 0.484722 0.033333 0.058333
0 0.413281 0.481944 0.024479 0.047222
0 0.429427 0.485185 0.028646 0.042593
0 0.415625 0.533796 0.040625 0.058333
0 0.473958 0.561574 0.098958 0.128704
0 0.456250 0.477778 0.021875 0.038889
0 0.496094 0.472685 0.042188 0.049074
0 0.524479 0.485185 0.016667 0.044444
0 0.580469 0.498611 0.078646 0.147222
0 0.839063 0.496759 0.259375 0.515741
0 0.514844 0.525926 0.024479 0.059259
0 0.539844 0.521296 0.014063 0.037037
0 0.538802 0.506481 0.015104 0.022222
