1 0.800781 0.584722 0.093750 0.325000
0 0.020313 0.507639 0.040625 0.118056
0 0.087500 0.469444 0.100000 0.216667
0 0.142187 0.452778 0.034375 0.072222
0 0.226172 0.456944 0.046094 0.052778
0 0.237500 0.495833 0.059375 0.083333
0 0.283594 0.488889 0.028125 0.050000
0 0.307031 0.482639 0.029687 0.073611
0 0.348828 0.499306 0.067969 0.126389
0 0.398438 0.538889 0.128125 0.197222
0 0.485547 0.411111 0.136719 0.272222
0 0.527734 0.517361 0.083594 0.126389
0 0.601953 0.443056 0.069531 0.052778
0 0.581250 0.542361 0.093750 0.170833
0 0.703906 0.555556 0.198437 0.308333
