0 0.013542 0.378241 0.027083 0.050926
0 0.105208 0.388889 0.125000 0.083333
0 0.534375 0.377315 0.100000 0.067593
0 0.553906 0.348148 0.021354 0.025926
0 0.585677 0.359722 0.045312 0.076852
0 0.631510 0.376852 0.019271 0.037037
0 0.659115 0.384722 0.026562 0.052778
0 0.879687 0.421759 0.047917 0.062037
0 0.910156 0.447685 0.033854 0.056481
0 0.972656 0.475000 0.053646 0.083333
1 0.278385 0.377315 0.008854 0.037963
1 0.296094 0.378241 0.006771 0.036111
1 0.316667 0.375926 0.006250 0.037037
1 0.328906 0.375926 0.008854 0.037037
1 0.343229 0.377315 0.007292 0.037963
1 0.350000 0.375463 0.007292 0.039815
1 0.367969 0.375000 0.007812 0.038889
1 0.377083 0.377315 0.006250 0.039815
1 0.388281 0.370370 0.005729 0.038889
1 0.396615 0.375926 0.007812 0.038889
1 0.623958 0.382407 0.011458 0.038889
1 0.744531 0.401389 0.005729 0.026852
