0 0.427344 0.498148 0.036979 0.042593
0 0.466927 0.504630 0.026562 0.027778
0 0.491667 0.503704 0.021875 0.029630
0 0.537240 0.538426 0.048438 0.071296
0 0.563542 0.530556 0.027083 0.057407
0 0.580990 0.529167 0.018229 0.030556
0 0.594271 0.525463 0.019792 0.030556
0 0.629948 0.493056 0.030729 0.036111
0 0.611458 0.537963 0.023958 0.053704
0 0.639062 0.551852 0.062500 0.081481
0 0.662760 0.510648 0.021354 0.043519
0 0.682813 0.526852 0.015625 0.024074
0 0.732552 0.497685 0.098437 0.173148
0 0.805469 0.533333 0.032813 0.046296
0 0.511198 0.507407 0.016146 0.022222
