0 0.032552 0.383796 0.065104 0.039815
0 0.046094 0.487500 0.092188 0.169444
0 0.132812 0.510185 0.153125 0.185185
0 0.392188 0.425463 0.047917 0.023148
0 0.491146 0.426389 0.036458 0.021296
0 0.495052 0.468519 0.054688 0.087037
0 0.545573 0.467593 0.039062 0.055556
0 0.591667 0.441204 0.038542 0.065741
0 0.602865 0.462500 0.028646 0.063889
0 0.622135 0.451389 0.023438 0.039815
0 0.643750 0.443519 0.017708 0.035185
0 0.665104 0.438889 0.015625 0.044444
0 0.679427 0.428704 0.025521 0.033333
0 0.682552 0.433333 0.016146 0.040741
0 0.688802 0.447222 0.017188 0.029630
