0 0.139844 0.681481 0.279687 0.568519
0 0.300781 0.592593 0.149479 0.222222
0 0.403906 0.543981 0.110937 0.212037
0 0.463021 0.515741 0.073958 0.166667
0 0.505990 0.493981 0.025521 0.113889
0 0.546094 0.476852 0.032813 0.051852
0 0.585938 0.485185 0.013542 0.027778
0 0.552865 0.534259 0.040104 0.061111
0 0.572135 0.542130 0.028646 0.080556
0 0.595052 0.545370 0.050521 0.092593
0 0.676562 0.572685 0.157292 0.213889
0 0.879427 0.632870 0.240104 0.339815
0 0.521875 0.495370 0.013542 0.079630
0 0.340885 0.476852 0.033854 0.035185
0 0.987760 0.380093 0.023438 0.760185
