1 0.936458 0.441667 0.012500 0.057407
1 0.221875 0.472222 0.006250 0.022222
0 0.026562 0.506944 0.053125 0.130556
0 0.119792 0.518981 0.078125 0.086111
0 0.256250 0.472222 0.043750 0.072222
0 0.283594 0.476389 0.017188 0.054630
0 0.302083 0.462963 0.037500 0.077778
0 0.324219 0.490741 0.035937 0.042593
0 0.369271 0.471296 0.021875 0.038889
0 0.382292 0.475463 0.022917 0.036111
0 0.393229 0.481481 0.028125 0.037037
0 0.415625 0.464352 0.014583 0.032407
0 0.430990 0.467593 0.023438 0.033333
0 0.481771 0.492593 0.044792 0.072222
0 0.517448 0.509259 0.039062 0.148148
0 0.667708 0.602315 0.352083 0.539815
0 0.843490 0.514352 0.070312 0.165741
1 0.907292 0.431481 0.006250 0.038889
1 0.915885 0.447685 0.009896 0.043519
