0 0.037760 0.438426 0.075521 0.876852
0 0.297135 0.486574 0.043229 0.047222
0 0.143750 0.570370 0.129167 0.144444
0 0.308333 0.588426 0.018750 -0.000926
0 0.283594 0.544444 0.068229 0.083333
0 0.382292 0.485648 0.114583 0.217593
0 0.489844 0.585185 0.145313 0.224074
0 0.537240 0.502315 0.021354 0.054630
0 0.555990 0.511111 0.016146 0.027778
0 0.592708 0.523611 0.027083 0.041667
0 0.670833 0.468981 0.158333 0.321296
0 0.881250 0.495370 0.087500 0.053704
0 0.982552 0.502778 0.033854 0.046296
1 0.936458 0.511111 0.017708 0.029630
