1 0.984635 0.521759 0.029687 0.062037
1 0.973698 0.515741 0.033854 0.055556
1 0.962500 0.512963 0.027083 0.057407
1 0.883594 0.495833 0.033854 0.043519
1 0.892708 0.500926 0.030208 0.048148
1 0.898698 0.503704 0.030729 0.051852
1 0.917969 0.509722 0.032813 0.054630
1 0.943750 0.514352 0.034375 0.056481
0 0.607031 0.474537 0.170313 0.371296
0 0.512500 0.508333 0.022917 0.066667
0 0.463802 0.510185 0.022396 0.040741
0 0.439844 0.515278 0.031771 0.045370
0 0.397135 0.522222 0.039062 0.048148
0 0.381250 0.512500 0.029167 0.030556
0 0.338021 0.539352 0.051042 0.080556
0 0.291406 0.546296 0.065104 0.088889
0 0.290104 0.487963 0.077083 0.072222
0 0.234896 0.537037 0.089583 0.137037
0 0.179948 0.562500 0.113021 0.126852
0 0.049740 0.577778 0.099479 0.151852
0 0.018229 0.592593 0.036458 0.161111
