0 0.121354 0.362037 0.042708 0.037037
0 0.147917 0.331944 0.031250 0.028704
0 0.180729 0.350926 0.041667 0.033333
0 0.307292 0.302315 0.020833 0.028704
0 0.518490 0.344444 0.190104 0.125926
0 0.683594 0.316667 0.213021 0.129630
0 0.738802 0.373611 0.088021 0.060185
0 0.807552 0.393056 0.104688 0.091667
0 0.888542 0.408796 0.057292 0.058333
0 0.919010 0.431481 0.072396 0.070370
0 0.928906 0.403241 0.043229 0.037963
0 0.970313 0.440278 0.021875 0.036111
0 0.976302 0.446759 0.025521 0.036111
0 0.987240 0.457407 0.024479 0.050000
1 0.355990 0.332407 0.008854 0.035185
1 0.353646 0.321296 0.007292 0.035185
1 0.234635 0.342593 0.005729 0.037037
