0 0.264323 0.483796 0.027604 0.023148
0 0.297656 0.471759 0.025521 0.039815
0 0.366667 0.460185 0.044792 0.055556
0 0.385677 0.449074 0.013021 0.035185
0 0.487760 0.522222 0.055729 0.081481
0 0.515625 0.442593 0.013542 0.029630
0 0.523177 0.451852 0.014063 0.029630
0 0.527344 0.462500 0.020313 0.039815
0 0.530208 0.481019 0.019792 0.026852
0 0.545052 0.455556 0.013021 0.033333
0 0.560417 0.460185 0.020833 0.048148
0 0.570833 0.482870 0.021875 0.028704
0 0.600000 0.518981 0.062500 0.089815
0 0.645573 0.504630 0.044271 0.064815
0 0.927604 0.466204 0.143750 0.376852
