0 0.484896 0.518519 0.050000 0.090741
0 0.418750 0.501389 0.055208 0.112037
0 0.370052 0.527315 0.054688 0.087963
0 0.326302 0.545833 0.058854 0.086111
0 0.269010 0.552778 0.098437 0.105556
0 0.217969 0.543519 0.057813 0.083333
0 0.185156 0.534259 0.025521 0.068519
0 0.131510 0.544444 0.101562 0.118519
0 0.782552 0.461574 0.027604 0.054630
0 0.764583 0.480093 0.025000 0.034259
0 0.744271 0.493981 0.026042 0.045370
0 0.725000 0.510185 0.041667 0.050000
0 0.686719 0.496296 0.032813 0.046296
0 0.711979 0.485648 0.023958 0.028704
