0 0.285156 0.500926 0.033854 0.029630
0 0.080990 0.470833 0.113021 0.091667
0 0.350000 0.500926 0.021875 0.029630
0 0.546875 0.503241 0.021875 0.030556
0 0.463802 0.526852 0.019271 0.027778
0 0.446875 0.531481 0.027083 0.038889
0 0.415625 0.536111 0.050000 0.074074
0 0.387500 0.531019 0.018750 0.041667
0 0.327865 0.540278 0.050521 0.065741
0 0.555990 0.529167 0.033854 0.047222
0 0.506771 0.547685 0.070833 0.104630
0 0.650521 0.550000 0.083333 0.118519
0 0.176563 0.583333 0.218750 0.298148
0 0.692708 0.537037 0.030208 0.075926
0 0.938542 0.622222 0.121875 0.751852
