0 0.048698 0.530556 0.089063 0.122222
0 0.120313 0.550463 0.053125 0.047222
0 0.157552 0.545370 0.044271 0.048148
0 0.216927 0.488426 0.089063 0.136111
0 0.491927 0.578704 0.168229 0.275926
0 0.526302 0.459259 0.064062 0.109259
0 0.603385 0.531481 0.049479 0.070370
0 0.687240 0.502778 0.044271 0.053704
0 0.703906 0.521759 0.048438 0.069444
0 0.865885 0.645833 0.267188 0.337963
0 0.972396 0.512963 0.054167 0.079630
0 0.873698 0.463889 0.055729 0.027778
0 0.265625 0.532407 0.021875 0.038889
0 0.190104 0.543056 0.035417 0.045370
