0 0.957812 0.284259 0.081250 0.568519
0 0.167448 0.276389 0.334896 0.439815
0 0.013542 0.426852 0.027083 0.240741
0 0.314323 0.384259 0.054688 0.070370
0 0.402083 0.367130 0.127083 0.076852
0 0.511979 0.361111 0.044792 0.027778
0 0.528385 0.370833 0.077604 0.060185
0 0.591146 0.380556 0.177083 0.101852
0 0.783333 0.407870 0.094792 0.080556
0 0.875781 0.421759 0.133854 0.137963
0 0.781771 0.383333 0.100000 0.066667
0 0.482031 0.375463 0.015104 0.032407
1 0.474219 0.367130 0.013021 0.052778
1 0.689844 0.384259 0.009896 0.050000
