0 0.014844 0.484722 0.029687 0.108333
0 0.078906 0.470139 0.098437 0.215278
0 0.140625 0.445833 0.035937 0.058333
0 0.191797 0.468056 0.035156 0.036111
0 0.245312 0.447222 0.057813 0.055556
0 0.248828 0.498611 0.060156 0.097222
0 0.226172 0.509722 0.082031 0.108333
0 0.314844 0.482639 0.045312 0.081944
0 0.333984 0.474306 0.025781 0.062500
0 0.360938 0.484028 0.065625 0.081944
0 0.415234 0.483333 0.139844 0.077778
0 0.498437 0.721528 0.487500 0.431944
0 0.506641 0.384722 0.150781 0.252778
0 0.540625 0.493750 0.070312 0.076389
0 0.585156 0.516667 0.096875 0.116667
0 0.613281 0.443750 0.062500 0.048611
0 0.710156 0.555556 0.204687 0.311111
0 0.028516 0.514583 0.019531 0.087500
