0 0.092188 0.439815 0.157292 0.135185
0 0.194010 0.478704 0.049479 0.055556
0 0.372135 0.536574 0.063021 0.082407
0 0.430469 0.523611 0.040104 0.049074
0 0.494010 0.540741 0.091146 0.133333
0 0.281771 0.487037 0.044792 0.044444
0 0.333333 0.488426 0.033333 0.039815
0 0.373177 0.482407 0.033854 0.027778
0 0.534635 0.490741 0.023438 0.051852
0 0.547396 0.507870 0.022917 0.054630
0 0.552865 0.520370 0.027604 0.044444
0 0.579688 0.528241 0.043750 0.056481
0 0.685937 0.558796 0.111458 0.139815
0 0.883073 0.627778 0.232813 0.340741
