0 0.982292 0.466204 0.034375 0.113889
0 0.936719 0.452778 0.074479 0.083333
0 0.869010 0.419444 0.027604 0.038889
1 0.622656 0.361111 0.015104 0.075926
0 0.447917 0.342593 0.017708 0.029630
0 0.428646 0.335648 0.020833 0.065741
0 0.399740 0.334259 0.051562 0.085185
0 0.352865 0.348148 0.020313 0.027778
0 0.330469 0.352778 0.031771 0.027778
0 0.289844 0.353704 0.027604 0.031481
0 0.296875 0.357407 0.037500 0.035185
1 0.110937 0.376389 0.008333 0.050926
1 0.066667 0.390741 0.007292 0.046296
1 0.051302 0.387963 0.007812 0.038889
1 0.469010 0.344444 0.010937 0.048148
1 0.461198 0.360648 0.008854 0.034259
1 0.477604 0.343519 0.009375 0.051852
1 0.762500 0.378241 0.008333 0.054630
1 0.747396 0.375000 0.007292 0.044444
1 0.207813 0.354630 0.006250 0.031481
