0 0.781641 0.458333 0.046094 0.063889
0 0.757812 0.454861 0.029687 0.056944
0 0.707422 0.464583 0.055469 0.079167
0 0.603125 0.493750 0.062500 0.090278
0 0.630469 0.452778 0.037500 0.055556
0 0.577344 0.448611 0.025000 0.052778
0 0.550781 0.460417 0.043750 0.073611
0 0.532031 0.483333 0.042188 0.066667
0 0.511328 0.504167 0.052344 0.094444
0 0.461328 0.524306 0.085156 0.126389
0 0.360156 0.565278 0.148438 0.219444
0 0.407813 0.450694 0.045312 0.034722
0 0.886328 0.539583 0.194531 0.301389
0 0.683984 0.439583 0.038281 0.084722
0 0.660547 0.443750 0.019531 0.040278
0 0.014063 0.649306 0.028125 0.248611
0 0.106250 0.593056 0.170313 0.222222
0 0.260156 0.465972 0.025000 0.043056
0 0.597266 0.429167 0.022656 0.052778
0 0.604297 0.422222 0.022656 0.050000
