0 0.113802 0.558796 0.049479 0.067593
0 0.175781 0.552315 0.075521 0.108333
0 0.223177 0.547222 0.034896 0.055556
0 0.260937 0.548148 0.035417 0.042593
0 0.326042 0.540278 0.030208 0.039815
0 0.353385 0.538889 0.031771 0.050000
0 0.401302 0.537500 0.019271 0.025000
0 0.425260 0.546759 0.030729 0.043519
0 0.457813 0.538426 0.020833 0.026852
0 0.636979 0.512963 0.119792 0.168519
0 0.781250 0.535185 0.066667 0.087037
0 0.903385 0.516204 0.102604 0.152778
0 0.971615 0.512500 0.055729 0.186111
0 0.010417 0.562500 0.020833 0.058333
