1 0.771875 0.481019 0.012500 0.078704
1 0.757292 0.478704 0.013542 0.072222
0 0.819531 0.443056 0.041146 0.056481
0 0.017969 0.509722 0.035937 0.089815
0 0.079687 0.507407 0.073958 0.092593
0 0.118750 0.506019 0.014583 0.050926
0 0.144792 0.504167 0.015625 0.050926
0 0.169271 0.500463 0.051042 0.058333
0 0.198698 0.497685 0.024479 0.043519
0 0.224479 0.485648 0.029167 0.056481
0 0.240365 0.494444 0.038021 0.048148
0 0.274479 0.490278 0.028125 0.037963
0 0.247656 0.464352 0.026562 0.037963
0 0.277604 0.465741 0.028125 0.059259
0 0.329167 0.529630 0.054167 0.187037
0 0.496615 0.595833 0.347396 0.552778
0 0.685417 0.525926 0.091667 0.172222
