0 0.188542 0.448611 0.016667 0.023148
0 0.216667 0.455093 0.015625 0.023148
0 0.265365 0.463889 0.017188 0.024074
0 0.311458 0.471759 0.019792 0.023148
0 0.326823 0.489352 0.014063 0.023148
0 0.365625 0.478704 0.023958 0.027778
0 0.348438 0.540741 0.042708 0.077778
0 0.247135 0.581944 0.150521 0.195370
0 0.307292 0.550463 0.031250 0.106481
0 0.095052 0.620833 0.190104 0.360185
0 0.475521 0.677778 0.297917 0.437037
0 0.475781 0.450000 0.122396 0.029630
0 0.544010 0.443519 0.052604 0.044444
0 0.809115 0.572222 0.216146 0.279630
0 0.691146 0.566667 0.072917 0.146296
0 0.591667 0.531481 0.018750 0.051852
0 0.636979 0.541204 0.066667 0.078704
