0 0.558333 0.396296 0.014583 0.031481
0 0.074479 0.504167 0.148958 0.267593
0 0.291146 0.491667 0.071875 0.090741
0 0.375781 0.473611 0.034896 0.054630
0 0.415104 0.493981 0.068750 0.091667
0 0.447396 0.436574 0.064583 0.141667
0 0.483854 0.427778 0.020833 0.061111
0 0.491406 0.410648 0.017188 0.041667
0 0.517188 0.456481 0.038542 0.087037
0 0.579948 0.465741 0.033854 0.050000
0 0.568490 0.426852 0.015104 0.024074
0 0.613542 0.429630 0.045833 0.062963
0 0.611979 0.480093 0.044792 0.058333
0 0.645833 0.472222 0.032292 0.050000
0 0.757552 0.489815 0.081771 0.109259
0 0.932031 0.506944 0.134896 0.193519
