0 0.343490 0.500000 0.026562 0.024074
0 0.549740 0.471759 0.045312 0.037963
0 0.567708 0.499074 0.041667 0.079630
0 0.595833 0.481944 0.015625 0.032407
0 0.608594 0.542130 0.072396 0.089815
0 0.652604 0.532870 0.040625 0.062037
0 0.675260 0.485185 0.017188 0.037037
0 0.694792 0.510648 0.053125 0.075000
0 0.714583 0.541667 0.056250 0.083333
0 0.978646 0.515278 0.041667 0.089815
0 0.991667 0.587037 0.015625 0.085185
0 0.847396 0.596296 0.280208 0.314815
0 0.495312 0.606481 0.179167 0.251852
0 0.594271 0.479167 0.011458 0.023148
