0 0.532552 0.557870 0.093229 0.123148
0 0.512240 0.506481 0.031771 0.031481
0 0.580208 0.496759 0.019792 0.034259
0 0.620833 0.491667 0.025000 0.040741
0 0.658333 0.493056 0.022917 0.032407
0 0.741146 0.495833 0.019792 0.041667
0 0.136458 0.533796 0.043750 0.052778
0 0.255208 0.511111 0.018750 0.037037
0 0.328385 0.521759 0.031771 0.037963
0 0.482031 0.497222 0.024479 0.031481
0 0.446615 0.510648 0.017188 0.026852
0 0.760417 0.496296 0.031250 0.053704
0 0.786198 0.504167 0.038021 0.063889
0 0.796094 0.509722 0.041146 0.060185
0 0.808594 0.512500 0.042188 0.062037
1 0.447656 0.492593 0.013021 0.020370
