0 0.279297 0.434722 0.060156 0.047222
0 0.214062 0.429167 0.054688 0.041667
0 0.244141 0.456944 0.044531 0.058333
0 0.272266 0.450694 0.032031 0.034722
0 0.147656 0.454861 0.045312 0.051389
0 0.032813 0.479167 0.065625 0.061111
0 0.091406 0.521528 0.106250 0.123611
0 0.030078 0.566667 0.060156 0.122222
0 0.139453 0.561111 0.169531 0.100000
0 0.416797 0.790278 0.833594 0.416667
0 0.467969 0.629861 0.492188 0.365278
0 0.379688 0.405556 0.085938 0.097222
0 0.449609 0.425000 0.058594 0.044444
0 0.493359 0.405556 0.061719 0.088889
0 0.788281 0.461111 0.329688 0.558333
0 0.916016 0.445139 0.082031 0.176389
