0 0.154427 0.361574 0.051562 0.054630
0 0.150521 0.386574 0.032292 0.030556
0 0.177604 0.378241 0.033333 0.037963
0 0.213021 0.373611 0.060417 0.041667
0 0.258333 0.361574 0.038542 0.045370
0 0.271615 0.370370 0.039062 0.029630
0 0.290365 0.364815 0.024479 0.027778
0 0.312760 0.362963 0.038021 0.033333
0 0.349740 0.362963 0.029687 0.025926
0 0.444531 0.351389 0.021354 0.028704
0 0.105990 0.431481 0.082812 0.168519
1 0.102344 0.395833 0.045312 0.193519
0 0.377865 0.400926 0.024479 0.074074
0 0.418229 0.402315 0.073958 0.080556
1 0.421094 0.385185 0.027604 0.118519
0 0.562500 0.397685 0.088542 0.113889
1 0.564844 0.388426 0.032813 0.134259
0 0.862240 0.431019 0.118229 0.097222
0 0.922917 0.465741 0.094792 0.096296
0 0.968490 0.486574 0.061979 0.147222
