0 0.097396 0.658333 0.193750 0.435185
0 0.146094 0.470833 0.047396 0.041667
0 0.355208 0.523611 0.062500 0.089815
0 0.380729 0.496759 0.046875 0.078704
0 0.415885 0.486111 0.024479 0.098148
0 0.466146 0.465278 0.091667 0.193519
0 0.539583 0.547222 0.000000 0.000000
0 0.556250 0.501389 0.042708 0.082407
0 0.611198 0.480093 0.089063 0.191667
0 0.767969 0.465741 0.149479 0.216667
0 0.968229 0.515278 0.062500 0.284259
0 0.985156 0.334259 0.028646 0.098148
0 0.512240 0.466204 0.013021 0.141667
0 0.322135 0.521296 0.014063 0.042593
