0 0.069271 0.392130 0.020833 0.050926
1 0.171354 0.377315 0.025000 0.063889
1 0.096875 0.384259 0.017708 0.057407
1 0.291146 0.342130 0.021875 0.106481
1 0.329688 0.360185 0.022917 0.138889
1 0.424219 0.340278 0.016146 0.119444
1 0.436719 0.343981 0.015104 0.119444
1 0.467708 0.345833 0.028125 0.141667
1 0.713542 0.394907 0.026042 0.113889
1 0.705729 0.420370 0.063542 0.077778
1 0.817969 0.408333 0.014063 0.083333
0 0.984896 0.488889 0.029167 0.114815
0 0.971875 0.471759 0.016667 0.039815
0 0.925260 0.442593 0.065104 0.081481
0 0.813802 0.395833 0.029687 0.034259
0 0.783594 0.393981 0.049479 0.067593
0 0.735417 0.385185 0.048958 0.096296
1 0.505208 0.327315 0.007292 0.032407
1 0.527083 0.331481 0.008333 0.031481
1 0.190885 0.346296 0.015104 0.087037
1 0.158333 0.345370 0.012500 0.061111
1 0.143229 0.379630 0.022917 0.059259
