0 0.026042 0.668981 0.052083 0.299074
0 0.031250 0.525000 0.058333 0.153704
0 0.150781 0.540278 0.214062 0.280556
0 0.251042 0.498611 0.039583 0.099074
0 0.315625 0.500000 0.095833 0.150000
0 0.366667 0.500926 0.025000 0.077778
0 0.377865 0.493519 0.022396 0.055556
0 0.363281 0.441667 0.029687 0.048148
0 0.391667 0.455093 0.027083 0.050926
0 0.394010 0.478704 0.022396 0.038889
0 0.397396 0.483796 0.016667 0.036111
0 0.412240 0.446759 0.021354 0.052778
0 0.458073 0.514352 0.122396 0.191667
0 0.519271 0.490278 0.014583 0.049074
0 0.548177 0.496759 0.057813 0.084259
0 0.693229 0.527315 0.139583 0.195370
0 0.071615 0.414352 0.143229 0.212037
0 0.267448 0.457870 0.024479 0.071296
0 0.225781 0.421296 0.057813 0.057407
