0 0.439453 0.456944 0.074219 0.155556
0 0.937109 0.621528 0.124219 0.487500
0 0.742969 0.418750 0.056250 0.104167
0 0.556641 0.416667 0.024219 0.041667
0 0.044531 0.527083 0.089063 0.065278
0 0.260547 0.466667 0.025781 0.044444
0 0.883203 0.495833 0.053906 0.111111
0 0.753906 0.450000 0.031250 0.050000
0 0.714844 0.497222 0.082812 0.125000
0 0.678906 0.447222 0.031250 0.055556
0 0.659766 0.441667 0.019531 0.044444
0 0.630859 0.452778 0.038281 0.055556
0 0.525391 0.459028 0.030469 0.043056
0 0.561328 0.463889 0.036719 0.055556
0 0.493359 0.468056 0.036719 0.072222
0 0.356250 0.526389 0.081250 0.105556
0 0.603906 0.493750 0.060937 0.090278
