0 0.496615 0.474074 0.017188 0.024074
0 0.469792 0.443981 0.019792 0.025000
0 0.445573 0.443056 0.018229 0.023148
0 0.535417 0.462500 0.020833 0.052778
0 0.536979 0.495833 0.016667 0.037963
0 0.584635 0.488426 0.091146 0.163889
0 0.801302 0.459259 0.364063 0.562963
0 0.429167 0.483796 0.019792 0.026852
0 0.402083 0.479167 0.017708 0.030556
0 0.399479 0.504167 0.029167 0.049074
0 0.380469 0.512500 0.039062 0.050926
0 0.355208 0.525000 0.029167 0.062963
0 0.332031 0.532407 0.045312 0.074074
0 0.298958 0.539352 0.050000 0.104630
0 0.258073 0.547222 0.059896 0.144444
0 0.225000 0.586111 0.037500 0.125926
0 0.114844 0.584259 0.229687 0.433333
0 0.337760 0.471296 0.032813 0.048148
0 0.365365 0.471296 0.024479 0.046296
0 0.386979 0.462500 0.011458 0.026852
0 0.305729 0.488426 0.036458 0.021296
