0 0.709375 0.469444 0.064062 0.111111
0 0.692578 0.399306 0.046094 0.048611
0 0.044141 0.527778 0.088281 0.063889
0 0.208984 0.484722 0.192969 0.330556
0 0.364453 0.505556 0.082031 0.127778
0 0.410547 0.452778 0.042969 0.038889
0 0.507812 0.436111 0.034375 0.044444
0 0.540625 0.413889 0.025000 0.036111
0 0.516406 0.461806 0.037500 0.045833
0 0.459375 0.483333 0.042188 0.069444
0 0.484766 0.509722 0.074219 0.102778
0 0.563281 0.462500 0.035937 0.050000
0 0.631641 0.453472 0.038281 0.056944
0 0.603906 0.494444 0.060937 0.091667
0 0.946875 0.498611 0.104688 0.169444
0 0.821094 0.443056 0.060937 0.041667
0 0.809375 0.557639 0.129688 0.190278
0 0.780859 0.458333 0.039844 0.061111
0 0.671875 0.456250 0.029687 0.062500
0 0.662891 0.441667 0.025781 0.044444
