0 0.084115 0.394907 0.054688 0.045370
0 0.132292 0.391204 0.042708 0.032407
0 0.180990 0.368981 0.054688 0.062037
0 0.275260 0.365278 0.070312 0.050926
0 0.354167 0.344907 0.045833 0.032407
0 0.411979 0.339815 0.059375 0.035185
0 0.444271 0.361111 0.093750 0.053704
0 0.617969 0.372222 0.065104 0.057407
0 0.678906 0.388426 0.073438 0.102778
1 0.679688 0.363889 0.034375 0.122222
0 0.779427 0.400463 0.034896 0.050926
0 0.831250 0.418056 0.068750 0.050926
0 0.857292 0.417593 0.053125 0.059259
0 0.970833 0.448148 0.057292 0.157407
0 0.936198 0.448611 0.019271 0.039815
