0 0.161458 0.509722 0.071875 0.115741
0 0.015104 0.475463 0.023958 0.030556
0 0.193229 0.475463 0.017708 0.034259
0 0.209635 0.466667 0.025521 0.035185
0 0.239323 0.461574 0.027604 0.039815
0 0.236458 0.491667 0.029167 0.046296
0 0.270313 0.512037 0.063542 0.096296
0 0.329427 0.485185 0.031771 0.038889
0 0.357552 0.508796 0.047396 0.073148
0 0.394792 0.539815 0.093750 0.124074
0 0.465104 0.497685 0.043750 0.052778
0 0.639323 0.407407 0.233854 0.416667
0 0.132552 0.452315 0.042188 0.071296
0 0.013281 0.417130 0.017188 0.026852
