0 0.013281 0.429630 0.026562 0.103704
0 0.023438 0.408333 0.046875 0.079630
0 0.066927 0.395370 0.044271 0.037037
0 0.100781 0.384722 0.051562 0.047222
0 0.180990 0.368519 0.068229 0.059259
0 0.370052 0.347685 0.104688 0.071296
0 0.625781 0.372222 0.069271 0.040741
0 0.682031 0.379630 0.079687 0.046296
0 0.739062 0.390278 0.069792 0.043519
0 0.857292 0.416204 0.039583 0.071296
1 0.860677 0.388426 0.021354 0.076852
0 0.890365 0.419907 0.042188 0.052778
0 0.917708 0.432870 0.014583 0.034259
0 0.950260 0.446296 0.038021 0.037037
