0 0.039583 0.639815 0.079167 0.361111
0 0.154948 0.476389 0.038021 0.030556
0 0.235677 0.451389 0.055729 0.071296
0 0.303646 0.453704 0.020833 0.053704
0 0.414583 0.503704 0.048958 0.064815
0 0.430469 0.486111 0.027604 0.048148
0 0.490625 0.536111 0.113542 0.179630
0 0.563021 0.450926 0.043750 0.105556
0 0.603385 0.455093 0.040104 0.076852
0 0.579688 0.500463 0.043750 0.054630
0 0.620573 0.489352 0.028646 0.045370
0 0.679688 0.495370 0.116667 0.251852
0 0.767969 0.457407 0.126562 0.250000
0 0.928125 0.556944 0.121875 0.156481
