1 0.027083 0.387037 0.017708 0.087037
1 0.053906 0.386111 0.013021 0.066667
0 0.180469 0.352315 0.014063 0.023148
0 0.202344 0.353241 0.014063 0.023148
0 0.253906 0.330093 0.024479 0.047222
0 0.265625 0.340741 0.016667 0.024074
0 0.283333 0.340278 0.022917 0.026852
0 0.342187 0.332407 0.078125 0.094444
0 0.438281 0.336111 0.090104 0.070370
0 0.480729 0.326852 0.021875 0.033333
0 0.642448 0.373611 0.260937 0.195370
0 0.701302 0.326852 0.122396 0.094444
0 0.750260 0.331019 0.044271 0.043519
0 0.796354 0.362037 0.075000 0.062963
0 0.904687 0.432407 0.189583 0.200000
