0 0.032552 0.484722 0.064062 0.069444
0 0.100521 0.571296 0.137500 0.155556
0 0.202604 0.542593 0.092708 0.131481
0 0.165885 0.484259 0.049479 0.048148
0 0.298177 0.574537 0.130729 0.162037
0 0.354687 0.523611 0.040625 0.058333
0 0.376823 0.508333 0.038021 0.061111
0 0.428125 0.478241 0.068750 0.154630
0 0.503646 0.541204 0.075000 0.099074
0 0.620573 0.525926 0.077604 0.112963
0 0.269271 0.512500 0.047917 0.050926
0 0.501042 0.480093 0.031250 0.023148
0 0.464583 0.476852 0.015625 0.120370
0 0.047396 0.531944 0.034375 0.063889
