0 0.487109 0.470833 0.046094 0.072222
0 0.464844 0.468750 0.029687 0.054167
0 0.410547 0.463889 0.088281 0.077778
0 0.325000 0.464583 0.087500 0.101389
0 0.277734 0.474306 0.019531 0.070833
0 0.236328 0.472917 0.077344 0.081944
0 0.064062 0.711806 0.128125 0.315278
0 0.537109 0.759028 0.889844 0.479167
0 0.828516 0.746528 0.341406 0.398611
0 0.755469 0.479861 0.139063 0.156944
0 0.855859 0.504167 0.064844 0.119444
0 0.936328 0.548611 0.088281 0.169444
0 0.987891 0.543750 0.022656 0.145833
0 0.984766 0.596528 0.021094 0.073611
