0 0.346875 0.480556 0.021875 0.048148
0 0.378906 0.478704 0.018229 0.037037
0 0.415104 0.465741 0.014583 0.029630
0 0.524219 0.485648 0.017188 0.047222
0 0.542969 0.475926 0.019271 0.046296
0 0.560417 0.476852 0.025000 0.042593
0 0.563021 0.525926 0.039583 0.057407
0 0.630729 0.557407 0.076042 0.096296
0 0.744531 0.568519 0.183854 0.248148
0 0.420573 0.531019 0.032813 0.050926
0 0.364063 0.531481 0.038542 0.048148
0 0.275781 0.546759 0.067187 0.082407
0 0.482552 0.559722 0.106771 0.160185
0 0.115104 0.594907 0.229167 0.343519
