0 0.182292 0.470370 0.238542 0.448148
0 0.291406 0.416667 0.029687 0.211111
0 0.307292 0.416204 0.023958 0.049074
0 0.367708 0.481481 0.092708 0.146296
0 0.397917 0.427315 0.051042 0.093519
0 0.430469 0.415278 0.029687 0.065741
0 0.436979 0.459722 0.032292 0.049074
0 0.456250 0.437500 0.022917 0.028704
0 0.449740 0.417130 0.014063 0.023148
0 0.472917 0.418519 0.015625 0.029630
0 0.502604 0.412500 0.026042 0.032407
0 0.535417 0.492593 0.050000 0.101852
0 0.489844 0.519907 0.115104 0.154630
0 0.708594 0.512963 0.119271 0.151852
