0 0.071615 0.603241 0.143229 0.543519
0 0.153385 0.510185 0.108854 0.238889
0 0.225260 0.486574 0.035937 0.102778
0 0.221094 0.530093 0.027604 0.076852
0 0.262500 0.512963 0.042708 0.053704
0 0.288281 0.484259 0.013021 0.029630
0 0.473177 0.656481 0.447396 0.685185
0 0.656771 0.466667 0.028125 0.037037
0 0.748958 0.502315 0.041667 0.065741
0 0.763021 0.462500 0.036458 0.069444
0 0.808594 0.476852 0.040104 0.050000
0 0.940885 0.527315 0.086979 0.182407
0 0.935156 0.508796 0.094271 0.150926
0 0.928385 0.278241 0.110937 0.534259
