0 0.242188 0.456250 0.040625 0.059722
0 0.273047 0.450694 0.032031 0.034722
0 0.215234 0.429167 0.053906 0.041667
0 0.147656 0.454861 0.045312 0.051389
0 0.030859 0.478472 0.061719 0.054167
0 0.064453 0.530556 0.111719 0.138889
0 0.029297 0.560417 0.058594 0.109722
0 0.081250 0.465278 0.065625 0.055556
0 0.354687 0.407639 0.100000 0.112500
0 0.430078 0.427083 0.066406 0.048611
0 0.468359 0.629167 0.492969 0.369444
0 0.415625 0.790972 0.831250 0.415278
0 0.486719 0.402083 0.070312 0.093056
0 0.715625 0.451389 0.220312 0.388889
0 0.900000 0.441667 0.090625 0.158333
0 0.971875 0.598611 0.054688 0.205556
0 0.982422 0.843056 0.033594 0.311111
1 0.980859 0.456944 0.013281 0.063889
1 0.964453 0.456944 0.013281 0.063889
0 0.214062 0.456944 0.025000 0.036111
