0 0.089844 0.512963 0.084896 0.035185
0 0.201042 0.508796 0.044792 0.036111
0 0.249479 0.502315 0.046875 0.047222
0 0.347135 0.483333 0.055729 0.072222
0 0.356510 0.504167 0.035937 0.030556
0 0.417187 0.502778 0.018750 0.022222
0 0.473177 0.491667 0.027604 0.025926
0 0.557031 0.470370 0.038021 0.040741
0 0.569531 0.526852 0.048438 0.062963
0 0.603906 0.505093 0.027604 0.037963
0 0.651302 0.509259 0.032813 0.051852
0 0.665365 0.543981 0.059896 0.080556
0 0.679948 0.493519 0.017188 0.022222
0 0.711458 0.472685 0.028125 0.067593
0 0.722656 0.512037 0.029687 0.048148
0 0.738802 0.494907 0.018229 0.026852
0 0.751563 0.491667 0.012500 0.022222
0 0.886198 0.657407 0.226562 0.346296
