0 0.046875 0.676389 0.093750 0.476852
0 0.066146 0.459722 0.019792 0.030556
0 0.091667 0.465278 0.022917 0.032407
0 0.036719 0.456944 0.013021 0.036111
0 0.115104 0.460185 0.015625 0.024074
0 0.196354 0.509722 0.052083 0.087963
0 0.181250 0.453241 0.029167 0.058333
0 0.229167 0.484722 0.027083 0.036111
0 0.279427 0.511111 0.047396 0.070370
0 0.258594 0.477778 0.021354 0.035185
0 0.309635 0.487037 0.026562 0.033333
0 0.337240 0.488426 0.033854 0.050926
0 0.363021 0.516204 0.051042 0.063889
0 0.382552 0.494907 0.023438 0.032407
0 0.470833 0.512963 0.042708 0.051852
0 0.410938 0.529167 0.061458 0.080556
