0 0.369922 0.467361 0.108594 0.215278
0 0.044141 0.527778 0.088281 0.063889
0 0.450000 0.482639 0.051562 0.093056
0 0.548047 0.414583 0.024219 0.040278
0 0.716406 0.400000 0.050000 0.058333
0 0.772266 0.500000 0.108594 0.183333
0 0.692969 0.471528 0.057813 0.087500
0 0.685547 0.440278 0.035156 0.038889
0 0.830078 0.470833 0.042969 0.075000
0 0.906641 0.491667 0.099219 0.141667
0 0.630859 0.452778 0.038281 0.055556
0 0.601562 0.493750 0.065625 0.090278
0 0.537109 0.481250 0.050781 0.068056
0 0.501563 0.469444 0.037500 0.055556
0 0.162109 0.587500 0.147656 0.177778
0 0.259375 0.467361 0.026562 0.045833
0 0.574609 0.453472 0.027344 0.043056
0 0.655078 0.438889 0.027344 0.044444
