0 0.171615 0.536574 0.096354 0.076852
0 0.264844 0.520833 0.035937 0.065741
0 0.288542 0.526389 0.042708 0.050926
0 0.379167 0.554630 0.088542 0.114815
0 0.516406 0.566204 0.142187 0.230556
0 0.519271 0.422222 0.080208 0.064815
0 0.590365 0.536574 0.034896 0.065741
0 0.784635 0.589352 0.170313 0.204630
0 0.980729 0.561111 0.033333 0.035185
0 0.635417 0.511111 0.026042 0.044444
0 0.693750 0.523611 0.032292 0.052778
0 0.422135 0.525463 0.016146 0.039815
0 0.435937 0.500463 0.017708 0.026852
0 0.221615 0.534722 0.020313 0.043519
