0 0.192708 0.370833 0.027083 0.030556
0 0.151562 0.515278 0.085417 0.117593
0 0.240365 0.502315 0.034896 0.028704
0 0.297135 0.584722 0.109896 0.149074
0 0.377083 0.516667 0.080208 0.155556
0 0.475521 0.511111 0.061458 0.142593
0 0.510938 0.355556 0.045833 0.031481
0 0.568229 0.376852 0.035417 0.033333
0 0.576042 0.385648 0.028125 0.026852
0 0.590365 0.395833 0.026562 0.037963
0 0.610156 0.405093 0.044271 0.041667
0 0.609896 0.413889 0.021875 0.040741
0 0.636458 0.415278 0.047917 0.047222
0 0.657552 0.428241 0.060937 0.062037
0 0.674740 0.448611 0.059896 0.067593
0 0.711198 0.469907 0.061979 0.062037
0 0.773438 0.509722 0.105208 0.149074
0 0.821875 0.471759 0.072917 0.108333
