0 0.852083 0.529167 0.033333 0.117593
0 0.740625 0.469907 0.192708 0.330556
1 0.635938 0.429630 0.005208 0.025926
0 0.608854 0.500926 0.056250 0.081481
0 0.587240 0.476389 0.014063 0.034259
0 0.552604 0.448148 0.021875 0.029630
0 0.453125 0.416667 0.027083 0.044444
0 0.414583 0.442130 0.019792 0.026852
0 0.397656 0.440278 0.014063 0.025000
0 0.384896 0.441667 0.017708 0.027778
0 0.363802 0.446296 0.029687 0.038889
0 0.387760 0.514352 0.065104 0.097222
0 0.491667 0.575000 0.197917 0.275926
0 0.227865 0.513426 0.053646 0.082407
0 0.171094 0.522222 0.080729 0.103704
1 0.060677 0.496759 0.011979 0.067593
1 0.285417 0.449074 0.006250 0.024074
1 0.348958 0.429167 0.004167 0.025000
