0 0.163021 0.492130 0.046875 0.034259
0 0.357552 0.482870 0.015104 0.023148
0 0.362500 0.467593 0.014583 0.029630
0 0.430469 0.467593 0.022396 0.038889
0 0.497656 0.531944 0.055729 0.078704
0 0.532292 0.492130 0.018750 0.026852
0 0.529167 0.475926 0.020833 0.037037
0 0.523698 0.464815 0.013021 0.029630
0 0.516146 0.444444 0.013542 0.029630
0 0.557031 0.470370 0.019271 0.046296
0 0.566927 0.491667 0.017188 0.025926
0 0.589323 0.522222 0.052604 0.074074
0 0.631510 0.511574 0.040104 0.054630
0 0.797656 0.480556 0.105729 0.240741
0 0.924740 0.587037 0.149479 0.225926
