0 0.020833 0.569907 0.041667 0.134259
0 0.171094 0.567130 0.108854 0.130556
0 0.329688 0.447685 0.194792 0.402778
0 0.433073 0.481019 0.045312 0.217593
0 0.509896 0.547685 0.068750 0.089815
0 0.467969 0.528241 0.021354 0.028704
0 0.475260 0.514352 0.017188 0.047222
0 0.651823 0.493981 0.041146 0.047222
0 0.674740 0.500000 0.048438 0.037037
0 0.621094 0.502315 0.022396 0.030556
0 0.705729 0.534722 0.027083 0.049074
0 0.723177 0.539352 0.026562 0.060185
0 0.750260 0.541667 0.042188 0.072222
0 0.795312 0.538889 0.065625 0.088889
0 0.829688 0.550926 0.042708 0.087037
0 0.884375 0.543056 0.090625 0.134259
0 0.228125 0.543519 0.015625 0.066667
0 0.496354 0.509259 0.029167 0.031481
0 0.611719 0.492593 0.044271 0.046296
