0 0.104688 0.616667 0.209375 0.348148
0 0.258594 0.579167 0.149479 0.191667
0 0.355990 0.538889 0.048438 0.079630
0 0.274479 0.462963 0.017708 0.025926
0 0.320833 0.469907 0.021875 0.023148
0 0.374479 0.476852 0.026042 0.027778
0 0.482031 0.673148 0.286979 0.424074
0 0.567448 0.483796 0.041146 0.039815
0 0.593750 0.530093 0.021875 0.052778
0 0.639062 0.539815 0.064583 0.079630
0 0.689844 0.561574 0.063021 0.141667
0 0.794531 0.568056 0.198437 0.260185
0 0.544271 0.443981 0.058333 0.045370
0 0.484375 0.450463 0.119792 0.028704
0 0.293750 0.468056 0.018750 0.028704
0 0.241406 0.458796 0.011979 0.026852
0 0.226302 0.454630 0.015104 0.024074
0 0.200781 0.448148 0.015104 0.025926
0 0.259896 0.463426 0.012500 0.028704
