0 0.026823 0.471296 0.053646 0.070370
0 0.280469 0.480093 0.041146 0.052778
0 0.400521 0.472222 0.016667 0.033333
0 0.543490 0.471296 0.014063 0.033333
0 0.553125 0.502778 0.025000 0.061111
0 0.475521 0.496759 0.015625 0.026852
0 0.463802 0.516667 0.020313 0.031481
0 0.447656 0.523148 0.022396 0.040741
0 0.421354 0.525926 0.045833 0.068519
0 0.574740 0.524074 0.039062 0.057407
0 0.509896 0.544444 0.082292 0.122222
0 0.351042 0.530093 0.042708 0.056481
0 0.743229 0.560185 0.139583 0.188889
0 0.193229 0.574074 0.215625 0.292593
