0 0.078906 0.567593 0.115104 0.133333
0 0.177604 0.541204 0.048958 0.067593
0 0.222396 0.535185 0.037500 0.050000
0 0.268229 0.547685 0.066667 0.104630
0 0.296094 0.535185 0.066146 0.105556
0 0.336198 0.535185 0.030729 0.077778
0 0.401302 0.534722 0.056771 0.080556
0 0.506510 0.568519 0.167187 0.264815
0 0.507552 0.400926 0.092188 0.074074
0 0.784896 0.582407 0.183333 0.218519
0 0.973698 0.593981 0.051562 0.091667
0 0.594792 0.502778 0.027083 0.044444
0 0.620313 0.504167 0.033333 0.049074
0 0.676823 0.497685 0.042188 0.067593
