0 0.114844 0.404630 0.229687 0.248148
0 0.144010 0.323611 0.133854 0.060185
0 0.262240 0.332870 0.039062 0.041667
0 0.317188 0.333333 0.022917 0.027778
0 0.355469 0.332407 0.030729 0.037037
0 0.339062 0.330556 0.018750 0.029630
0 0.326823 0.318519 0.013021 0.027778
0 0.381250 0.322685 0.047917 0.062037
0 0.420312 0.340741 0.032292 0.035185
0 0.503385 0.360185 0.024479 0.033333
0 0.532552 0.354167 0.035937 0.058333
0 0.575260 0.374537 0.078646 0.076852
0 0.620573 0.384259 0.030729 0.053704
0 0.820052 0.438426 0.032813 0.043519
0 0.860938 0.478704 0.031250 0.038889
