0 0.019271 0.392130 0.036458 0.034259
0 0.081771 0.375463 0.054167 0.050926
0 0.125260 0.367593 0.032813 0.035185
0 0.164062 0.362500 0.029167 0.023148
1 0.119531 0.382407 0.009896 0.048148
1 0.139583 0.382870 0.008333 0.041667
0 0.217448 0.386111 0.094271 0.075926
0 0.322396 0.375926 0.177083 0.133333
0 0.455729 0.362963 0.114583 0.107407
0 0.626823 0.362500 0.069271 0.056481
0 0.743490 0.398148 0.170313 0.164815
0 0.887240 0.575463 0.224479 0.612037
0 0.190104 0.358796 0.025000 0.025000
0 0.693490 0.368981 0.073438 0.071296
