1 0.978516 0.646528 0.041406 0.204167
0 0.182422 0.428472 0.025781 0.043056
0 0.160938 0.456250 0.031250 0.026389
0 0.208594 0.469444 0.043750 0.069444
0 0.178125 0.490278 0.050000 0.066667
0 0.236719 0.517361 0.067187 0.093056
0 0.071094 0.457639 0.048438 0.037500
0 0.038281 0.461111 0.029687 0.030556
0 0.040625 0.500694 0.081250 0.051389
0 0.065625 0.649306 0.131250 0.254167
0 0.093359 0.515972 0.069531 0.101389
0 0.460938 0.507639 0.037500 0.065278
0 0.422266 0.515972 0.055469 0.123611
0 0.373437 0.515972 0.084375 0.195833
0 0.330859 0.575000 0.150781 0.125000
0 0.337500 0.815278 0.423438 0.366667
0 0.755078 0.513889 0.210156 0.383333
