0 0.010417 0.424074 0.018750 0.031481
0 0.021354 0.436111 0.018750 0.029630
0 0.009375 0.458333 0.018750 0.037037
0 0.021615 0.484722 0.043229 0.075000
0 0.113281 0.575000 0.226562 0.281481
0 0.266927 0.505093 0.123438 0.173148
0 0.324219 0.486574 0.050521 0.130556
0 0.347135 0.468981 0.014063 0.034259
0 0.379167 0.453704 0.050000 0.088889
0 0.407552 0.471296 0.013021 0.044444
0 0.451302 0.482407 0.086979 0.146296
0 0.507292 0.490278 0.039583 0.073148
0 0.580208 0.495833 0.084375 0.125000
0 0.894010 0.588889 0.210938 0.418519
0 0.147656 0.428241 0.024479 0.023148
0 0.178385 0.442130 0.025521 0.052778
0 0.210156 0.456944 0.014063 0.025000
