1 0.058854 0.494907 0.008333 0.032407
0 0.151562 0.527778 0.055208 0.074074
0 0.280990 0.485648 0.035937 0.028704
0 0.395573 0.490741 0.031771 0.042593
0 0.400781 0.485648 0.026562 0.043519
0 0.443750 0.497222 0.041667 0.051852
0 0.496875 0.531481 0.093750 0.125926
0 0.523958 0.453704 0.022917 0.033333
0 0.547135 0.488889 0.026562 0.038889
0 0.632292 0.480093 0.109375 0.202778
1 0.701042 0.462037 0.008333 0.024074
1 0.710417 0.462963 0.006250 0.022222
1 0.754948 0.472685 0.010937 0.023148
1 0.777604 0.470370 0.007292 0.062963
1 0.789583 0.469444 0.009375 0.059259
0 0.733854 0.514815 0.072917 0.087037
1 0.190104 0.499537 0.007292 0.039815
