0 0.152344 0.601389 0.164062 0.236111
0 0.273047 0.543750 0.082031 0.112500
0 0.314063 0.497222 0.059375 0.086111
0 0.433203 0.650000 0.174219 0.236111
0 0.591797 0.600694 0.121094 0.140278
0 0.897656 0.562500 0.079687 0.097222
0 0.117188 0.465972 0.056250 0.073611
0 0.152734 0.409722 0.038281 0.058333
0 0.201953 0.423611 0.047656 0.072222
0 0.224219 0.413889 0.031250 0.052778
0 0.210547 0.368750 0.032031 0.040278
0 0.244922 0.333333 0.027344 0.044444
0 0.301953 0.389583 0.033594 0.045833
0 0.342187 0.449306 0.045312 0.062500
0 0.323047 0.362500 0.027344 0.041667
0 0.360547 0.368750 0.050781 0.115278
0 0.389844 0.343750 0.020313 0.048611
0 0.359375 0.296528 0.021875 0.031944
0 0.279687 0.297222 0.021875 0.038889
0 0.289844 0.275000 0.023438 0.047222
