0 0.019922 0.409028 0.039844 0.076389
0 0.235156 0.453472 0.023438 0.051389
0 0.257812 0.455556 0.037500 0.058333
0 0.296875 0.443750 0.048438 0.045833
0 0.412109 0.459028 0.050781 0.087500
0 0.369922 0.499306 0.099219 0.148611
0 0.243359 0.605556 0.188281 0.241667
0 0.057031 0.758333 0.114062 0.480556
0 0.503125 0.370139 0.054688 0.068056
0 0.496094 0.508333 0.148438 0.225000
0 0.468750 0.729167 0.268750 0.419444
0 0.575781 0.456250 0.048438 0.070833
0 0.600391 0.436806 0.022656 0.051389
0 0.635547 0.459028 0.067969 0.126389
0 0.738672 0.544444 0.186719 0.283333
0 0.830078 0.443056 0.188281 0.152778
0 0.888281 0.668750 0.220312 0.331944
