0 0.064844 0.499537 0.129688 0.999074
0 0.194792 0.664815 0.255208 0.385185
0 0.259375 0.587500 0.181250 0.250926
0 0.110417 0.456944 0.066667 0.039815
0 0.362760 0.581481 0.071354 0.190741
0 0.558333 0.670370 0.398958 0.633333
0 0.661458 0.483333 0.212500 0.462963
0 0.779427 0.532407 0.029687 0.029630
0 0.774740 0.558333 0.017188 0.044444
0 0.783594 0.556481 0.015104 0.050000
0 0.795052 0.556944 0.028646 0.050926
0 0.823177 0.556944 0.048438 0.058333
0 0.836979 0.537500 0.059375 0.049074
0 0.896354 0.532870 0.040625 0.047222
0 0.931771 0.530093 0.081250 0.041667
0 0.923958 0.550463 0.059375 0.078704
0 0.973177 0.554630 0.042188 0.042593
