0 0.992969 0.617130 0.013021 0.089815
0 0.855469 0.585648 0.097396 0.112037
0 0.794531 0.581944 0.071354 0.095370
0 0.740104 0.572222 0.081250 0.098148
0 0.681250 0.564352 0.055208 0.100926
0 0.643229 0.577778 0.031250 0.062963
0 0.626563 0.571759 0.055208 0.071296
0 0.576302 0.568519 0.047396 0.068519
0 0.551042 0.568981 0.020833 0.058333
0 0.353646 0.572222 0.019792 0.029630
0 0.326042 0.571296 0.015625 0.024074
0 0.303646 0.570370 0.027083 0.044444
0 0.276302 0.579630 0.035937 0.044444
0 0.024740 0.524537 0.049479 0.060185
0 0.031250 0.524074 0.038542 0.059259
0 0.073958 0.543519 0.044792 0.024074
