0 0.141146 0.548611 0.085417 0.075000
0 0.364323 0.521296 0.060937 0.050000
0 0.489323 0.528241 0.078646 0.128704
0 0.538542 0.560185 0.107292 0.148148
0 0.623698 0.474074 0.069271 0.111111
0 0.694010 0.508333 0.054688 0.075926
0 0.733073 0.474074 0.041146 0.083333
0 0.802865 0.500463 0.034896 0.052778
0 0.776563 0.489352 0.023958 0.034259
0 0.839323 0.491204 0.021354 0.034259
0 0.756510 0.469444 0.014063 0.053704
0 0.832292 0.462500 0.035417 0.076852
0 0.804427 0.450926 0.018229 0.029630
0 0.800260 0.436574 0.013021 0.023148
