0 0.905208 0.598148 0.188542 0.338889
0 0.742448 0.440741 0.179688 0.344444
0 0.665625 0.483333 0.017708 0.137037
0 0.642708 0.471759 0.041667 0.062037
0 0.606250 0.452778 0.025000 0.046296
0 0.610938 0.431481 0.031250 0.070370
0 0.563542 0.463426 0.027083 0.036111
0 0.541927 0.433333 0.023438 0.048148
0 0.508594 0.440278 0.024479 0.023148
0 0.526042 0.432407 0.012500 0.033333
0 0.511719 0.470833 0.038021 0.050926
0 0.361719 0.413426 0.051562 0.067593
0 0.397396 0.425926 0.020833 0.040741
0 0.421354 0.431019 0.034375 0.036111
