0 0.281250 0.488426 0.026042 0.030556
0 0.335938 0.477315 0.017708 0.025000
0 0.071094 0.543056 0.130729 0.176852
0 0.030729 0.658796 0.061458 0.252778
0 0.266927 0.554167 0.086979 0.115741
0 0.393750 0.559722 0.103125 0.156481
0 0.446354 0.514352 0.033333 0.086111
0 0.482031 0.511574 0.017188 0.023148
0 0.575000 0.578704 0.115625 0.146296
0 0.574219 0.475926 0.063021 0.062963
0 0.650521 0.544907 0.055208 0.091667
0 0.678646 0.562037 0.066667 0.090741
0 0.751042 0.574537 0.115625 0.134259
0 0.898177 0.600926 0.188021 0.201852
0 0.989323 0.668981 0.020313 0.150926
0 0.522917 0.506944 0.027083 0.058333
0 0.526042 0.512500 0.022917 0.050926
