0 0.105469 0.716667 0.210938 0.563889
0 0.200391 0.561806 0.036719 0.184722
0 0.275000 0.539583 0.106250 0.156944
0 0.313281 0.605556 0.173437 0.211111
0 0.405859 0.506944 0.049219 0.080556
0 0.467187 0.505556 0.092188 0.147222
0 0.517969 0.502083 0.023438 0.081944
0 0.530859 0.482639 0.038281 0.068056
0 0.549219 0.449306 0.042188 0.101389
0 0.576172 0.421528 0.035156 0.068056
0 0.671484 0.445833 0.033594 0.041667
0 0.709375 0.468750 0.045312 0.070833
0 0.739062 0.500000 0.071875 0.105556
0 0.763281 0.548611 0.095312 0.175000
0 0.870313 0.613889 0.226562 0.322222
0 0.972266 0.525000 0.053906 0.161111
0 0.846875 0.440972 0.070312 0.040278
0 0.759375 0.433333 0.043750 0.055556
0 0.630469 0.452083 0.035937 0.054167
0 0.603125 0.493750 0.062500 0.090278
0 0.408984 0.449306 0.042969 0.034722
0 0.482422 0.430556 0.046094 0.052778
