0 0.484375 0.249074 0.134375 0.077778
0 0.239063 0.456944 0.020833 0.041667
0 0.298958 0.463889 0.017708 0.024074
0 0.287500 0.444907 0.014583 0.026852
0 0.308854 0.452778 0.015625 0.024074
0 0.337760 0.462963 0.020313 0.029630
0 0.322656 0.472222 0.022396 0.027778
0 0.284896 0.482870 0.025000 0.021296
0 0.259635 0.481481 0.030729 0.025926
0 0.389844 0.458796 0.020313 0.032407
0 0.395833 0.475926 0.021875 0.029630
0 0.425260 0.462500 0.020313 0.028704
0 0.442448 0.451389 0.019271 0.037963
0 0.468229 0.552315 0.101042 0.152778
0 0.498177 0.442593 0.027604 0.050000
0 0.514323 0.457870 0.020313 0.028704
0 0.509896 0.491204 0.017708 0.037963
0 0.531771 0.497685 0.040625 0.069444
0 0.562760 0.521759 0.038021 0.069444
0 0.580990 0.530093 0.061979 0.082407
0 0.591667 0.486111 0.029167 0.029630
0 0.619792 0.493519 0.033333 0.057407
0 0.633073 0.503704 0.036979 0.048148
0 0.665885 0.512500 0.042188 0.056481
0 0.806250 0.529167 0.087500 0.110185
