0 0.024219 0.442593 0.048438 0.105556
0 0.073958 0.479630 0.041667 0.029630
0 0.195312 0.537500 0.081250 0.134259
0 0.274479 0.561574 0.121875 0.156481
0 0.368490 0.501852 0.033854 0.050000
0 0.388281 0.487963 0.014063 0.042593
0 0.421094 0.479167 0.055729 0.121296
0 0.457292 0.454630 0.025000 0.035185
0 0.457813 0.498611 0.026042 0.050926
0 0.486719 0.465278 0.017188 0.032407
0 0.513021 0.471296 0.013542 0.025926
0 0.535677 0.480556 0.039062 0.090741
0 0.493490 0.540741 0.078646 0.118519
0 0.596094 0.521759 0.065104 0.110185
0 0.741927 0.575926 0.158854 0.194444
0 0.749740 0.443981 0.130729 0.199074
0 0.926562 0.512963 0.145833 0.287037
