0 0.082552 0.406481 0.164062 0.214815
0 0.206510 0.477315 0.081771 0.073148
0 0.463021 0.489815 0.034375 0.037037
0 0.503385 0.598148 0.165104 0.229630
0 0.549219 0.537500 0.071354 0.117593
0 0.591146 0.517130 0.019792 0.036111
0 0.604167 0.522685 0.018750 0.054630
0 0.624479 0.527778 0.041667 0.070370
0 0.652083 0.542593 0.068750 0.087037
0 0.671354 0.490741 0.019792 0.038889
0 0.730208 0.477315 0.108333 0.121296
0 0.746615 0.573148 0.140104 0.159259
0 0.818490 0.515741 0.052604 0.072222
0 0.855729 0.551389 0.089583 0.143519
0 0.926302 0.439352 0.145313 0.871296
