0 0.584375 0.486574 0.073958 0.199074
0 0.547135 0.507407 0.011979 0.037037
0 0.801562 0.438426 0.395833 0.634259
0 0.514323 0.478241 0.020313 0.028704
0 0.516667 0.463426 0.023958 0.047222
0 0.373437 0.462500 0.019792 0.030556
0 0.392448 0.478241 0.046354 0.039815
0 0.355990 0.481944 0.032813 0.025000
0 0.389844 0.514352 0.021354 0.050926
0 0.416667 0.517593 0.045833 0.068519
0 0.486458 0.477778 0.016667 0.022222
0 0.424479 0.498611 0.045833 0.049074
0 0.544271 0.456944 0.019792 0.039815
0 0.461719 0.432407 0.018229 0.020370
0 0.404167 0.428704 0.017708 0.020370
