1 0.594531 0.492130 0.010937 0.049074
0 0.814583 0.578241 0.082292 0.075000
0 0.924479 0.525000 0.064583 0.151852
0 0.965104 0.464352 0.068750 0.099074
0 0.461198 0.391667 0.016146 0.024074
0 0.442188 0.425926 0.017708 0.027778
0 0.437500 0.429630 0.022917 0.024074
0 0.416927 0.408333 0.019271 0.042593
0 0.404167 0.434259 0.021875 0.033333
0 0.381510 0.473148 0.028646 0.035185
0 0.347917 0.539815 0.075000 0.131481
0 0.457813 0.596296 0.187500 0.307407
0 0.223177 0.599074 0.178646 0.212963
0 0.390885 0.360648 0.018229 0.026852
0 0.382292 0.393056 0.012500 0.023148
0 0.376302 0.397222 0.011979 0.025926
0 0.372396 0.400926 0.014583 0.025926
0 0.365365 0.407407 0.014063 0.024074
0 0.357552 0.413889 0.016146 0.029630
0 0.350260 0.422222 0.019271 0.027778
0 0.339323 0.431944 0.018229 0.030556
0 0.325521 0.439815 0.023958 0.035185
0 0.326562 0.464815 0.026042 0.022222
0 0.310156 0.482407 0.032813 0.044444
0 0.296615 0.463426 0.025521 0.036111
0 0.272135 0.474537 0.030729 0.054630
0 0.245573 0.476389 0.039062 0.043519
0 0.057552 0.550000 0.114062 0.138889
0 0.923698 0.119444 0.056771 0.027778
0 0.587240 0.085648 0.090104 0.030556
0 0.212240 0.430556 0.026562 0.024074
