0 0.116927 0.462500 0.056771 0.049074
0 0.167969 0.470833 0.045312 0.025000
0 0.234635 0.468056 0.049479 0.030556
0 0.367188 0.457407 0.020833 0.025926
0 0.388542 0.447222 0.018750 0.024074
0 0.444010 0.455556 0.057813 0.100000
0 0.477083 0.488889 0.033333 0.055556
0 0.458854 0.499074 0.048958 0.062963
0 0.526302 0.530093 0.092188 0.119444
0 0.556510 0.487963 0.030729 0.048148
0 0.575260 0.446759 0.015104 0.023148
0 0.612500 0.439352 0.033333 0.087963
0 0.635938 0.430556 0.019792 0.040741
0 0.657292 0.472222 0.047917 0.062963
0 0.680990 0.522685 0.099479 0.141667
0 0.666146 0.431481 0.015625 0.024074
0 0.720573 0.469907 0.015104 0.026852
0 0.737500 0.483796 0.032292 0.052778
0 0.765104 0.497222 0.043750 0.059259
0 0.826042 0.505556 0.061458 0.085185
