0 0.279687 0.425000 0.059375 0.033333
0 0.215234 0.427083 0.053906 0.043056
0 0.244922 0.454167 0.044531 0.058333
0 0.148047 0.454167 0.046094 0.055556
0 0.035937 0.478472 0.070312 0.062500
0 0.167187 0.530556 0.082812 0.105556
0 0.089453 0.543056 0.155469 0.100000
0 0.014453 0.523611 0.028906 0.061111
0 0.321094 0.453472 0.031250 0.040278
0 0.412500 0.774306 0.825000 0.448611
0 0.469141 0.629167 0.485156 0.372222
0 0.423438 0.404861 0.106250 0.087500
0 0.516797 0.427083 0.041406 0.043056
0 0.526563 0.411111 0.062500 0.077778
0 0.980078 0.879167 0.038281 0.238889
0 0.765234 0.588889 0.163281 0.211111
0 0.667969 0.476389 0.087500 0.186111
0 0.885938 0.549306 0.120313 0.151389
0 0.727734 0.476389 0.038281 0.061111
0 0.771094 0.463194 0.076563 0.051389
1 0.987109 0.451389 0.008594 0.061111
1 0.980469 0.449306 0.010937 0.054167
1 0.973047 0.454861 0.010156 0.065278
