0 0.211198 0.462037 0.014063 0.024074
0 0.286979 0.482407 0.038542 0.024074
0 0.350260 0.453241 0.030729 0.045370
0 0.355469 0.480093 0.020313 0.034259
0 0.374479 0.485648 0.026042 0.034259
0 0.381250 0.475000 0.018750 0.027778
0 0.401823 0.498148 0.028646 0.050000
0 0.400260 0.479167 0.023438 0.026852
0 0.442969 0.527778 0.086979 0.131481
0 0.477083 0.489815 0.017708 0.053704
0 0.502865 0.486574 0.027604 0.032407
0 0.532813 0.485648 0.034375 0.041667
0 0.596875 0.491204 0.035417 0.047222
0 0.562760 0.526389 0.070312 0.089815
0 0.637760 0.550463 0.107813 0.132407
0 0.693750 0.515278 0.050000 0.076852
0 0.948958 0.563889 0.101042 0.116667
