0 0.067969 0.503241 0.135937 0.330556
0 0.092188 0.396296 0.184375 0.218519
0 0.172656 0.395833 0.039062 0.093519
0 0.233854 0.354167 0.254167 0.252778
0 0.547917 0.377778 0.179167 0.133333
0 0.821875 0.406019 0.061458 0.067593
0 0.776042 0.400463 0.029167 0.047222
0 0.859115 0.435185 0.050521 0.066667
0 0.905208 0.445833 0.033333 0.043519
0 0.882552 0.447685 0.030729 0.071296
1 0.882292 0.428241 0.020833 0.071296
1 0.647656 0.405093 0.005729 0.034259
1 0.652604 0.408333 0.006250 0.037037
1 0.669271 0.411574 0.007292 0.037963
1 0.681250 0.408796 0.008333 0.037963
1 0.693229 0.412963 0.007292 0.037037
1 0.705469 0.412037 0.005729 0.038889
1 0.713021 0.413426 0.008333 0.036111
0 0.744010 0.395833 0.022396 0.034259
