0 0.245052 0.506481 0.046354 0.033333
0 0.470573 0.534259 0.019271 0.031481
0 0.450781 0.534722 0.024479 0.054630
0 0.424740 0.546759 0.050521 0.084259
0 0.363802 0.563889 0.101562 0.150000
0 0.105990 0.645370 0.211979 0.464815
0 0.506771 0.497222 0.047917 0.083333
0 0.510938 0.554167 0.053125 0.076852
0 0.564063 0.502315 0.046875 0.117593
0 0.593750 0.549074 0.051042 0.066667
0 0.632812 0.531944 0.035417 0.065741
0 0.695312 0.541204 0.032292 0.045370
0 0.747135 0.506481 0.085938 0.190741
0 0.865104 0.626389 0.234375 0.269444
