0 0.205078 0.522917 0.086719 0.140278
0 0.157812 0.561111 0.126562 0.191667
0 0.079687 0.639583 0.159375 0.254167
0 0.310156 0.477083 0.064062 0.104167
0 0.356250 0.515278 0.154688 0.083333
0 0.358984 0.762500 0.307031 0.447222
0 0.397266 0.403472 0.099219 0.148611
0 0.423047 0.488194 0.039844 0.048611
0 0.451172 0.503472 0.047656 0.076389
0 0.499609 0.526389 0.097656 0.125000
0 0.606641 0.570833 0.160156 0.233333
0 0.712500 0.635417 0.187500 0.276389
0 0.867969 0.734722 0.262500 0.525000
0 0.213281 0.431944 0.023438 0.033333
0 0.257031 0.481944 0.020313 0.058333
0 0.088281 0.434722 0.032813 0.063889
0 0.688672 0.451389 0.052344 0.055556
