0 0.629167 0.544907 0.096875 0.136111
0 0.677604 0.495370 0.029167 0.048148
0 0.782552 0.495370 0.078646 0.057407
0 0.782292 0.469907 0.086458 0.028704
0 0.829167 0.484722 0.028125 0.102778
0 0.500521 0.540278 0.076042 0.117593
0 0.431250 0.519907 0.043750 0.093519
0 0.403385 0.494907 0.019271 0.025000
0 0.054167 0.593056 0.108333 0.163889
0 0.072396 0.544444 0.092708 0.094444
0 0.130208 0.517593 0.064583 0.135185
0 0.174740 0.543981 0.069271 0.082407
0 0.231250 0.506944 0.046875 0.099074
0 0.263021 0.544444 0.069792 0.103704
0 0.298177 0.523611 0.018229 0.050926
0 0.320573 0.512963 0.036979 0.053704
0 0.349219 0.507407 0.024479 0.038889
0 0.363021 0.512500 0.041667 0.041667
0 0.369792 0.494444 0.021875 0.027778
0 0.379688 0.470370 0.027083 0.040741
0 0.388802 0.492593 0.021354 0.031481
