0 0.008854 0.405093 0.017708 0.123148
0 0.033594 0.408333 0.039062 0.074074
0 0.054167 0.401389 0.023958 0.063889
0 0.136719 0.367130 0.158854 0.152778
0 0.221615 0.380093 0.031771 0.065741
0 0.265104 0.376389 0.021875 0.036111
1 0.267969 0.361574 0.009896 0.047222
0 0.327604 0.362963 0.111458 0.092593
0 0.434375 0.364352 0.214583 0.126852
0 0.505208 0.337037 0.101042 0.101852
0 0.567969 0.358796 0.024479 0.082407
0 0.734896 0.345833 0.317708 0.328704
0 0.914844 0.424537 0.049479 0.073148
0 0.961458 0.458333 0.076042 0.094444
