0 0.120313 0.573148 0.240625 0.500000
0 0.246615 0.515278 0.072396 0.141667
0 0.304948 0.493519 0.047396 0.072222
0 0.317969 0.453241 0.032813 0.025000
0 0.350781 0.495833 0.055729 0.091667
0 0.401562 0.518056 0.084375 0.108333
0 0.436458 0.487500 0.023958 0.039815
0 0.483854 0.490741 0.043750 0.070370
0 0.535677 0.517593 0.080729 0.107407
0 0.568750 0.486574 0.040625 0.071296
0 0.590625 0.479167 0.028125 0.062037
0 0.609635 0.481019 0.016146 0.034259
0 0.624219 0.477778 0.020313 0.027778
0 0.639062 0.474074 0.018750 0.029630
0 0.677865 0.462037 0.022396 0.025926
