1 0.880729 0.411111 0.014583 0.050000
1 0.906510 0.409259 0.021354 0.051852
0 0.917188 0.388426 0.164583 0.089815
0 0.832812 0.398148 0.014583 0.062963
0 0.791146 0.422222 0.072917 0.029630
0 0.793229 0.413889 0.076042 0.035185
0 0.685937 0.431019 0.056250 0.041667
0 0.530469 0.263889 0.128646 0.096296
0 0.525521 0.562963 0.326042 0.512963
0 0.361979 0.455556 0.031250 0.074074
0 0.353906 0.460185 0.032813 0.075926
0 0.262240 0.410185 0.164062 0.235185
0 0.173437 0.453704 0.014583 0.046296
0 0.105208 0.493056 0.165625 0.180556
0 0.014323 0.486111 0.028646 0.101852
0 0.913802 0.410648 0.056771 0.049074
0 0.919271 0.570833 0.160417 0.349074
