0 0.031250 0.496296 0.023958 0.061111
0 0.240885 0.492130 0.018229 0.028704
0 0.268750 0.476852 0.028125 0.038889
0 0.313281 0.468056 0.034896 0.039815
0 0.323177 0.500463 0.035937 0.045370
0 0.218229 0.502315 0.022917 0.028704
0 0.255990 0.527778 0.023438 0.062963
0 0.098177 0.570833 0.057813 0.080556
0 0.211719 0.556944 0.063021 0.084259
0 0.302083 0.562963 0.101042 0.151852
0 0.054688 0.612963 0.109375 0.159259
0 0.390365 0.477315 0.048438 0.113889
0 0.197656 0.500926 0.018229 0.024074
0 0.214062 0.492593 0.017708 0.029630
0 0.192969 0.536574 0.027604 0.045370
