0 0.067448 0.404630 0.134896 0.159259
0 0.211458 0.455556 0.038542 0.061111
0 0.321094 0.467130 0.046354 0.056481
0 0.487760 0.536111 0.072396 0.105556
0 0.531771 0.495370 0.038542 0.081481
0 0.591667 0.537037 0.057292 0.072222
0 0.635938 0.520833 0.047917 0.071296
0 0.738281 0.544444 0.072396 0.090741
0 0.723177 0.497222 0.048438 0.070370
0 0.852083 0.540741 0.039583 0.051852
0 0.891146 0.539352 0.055208 0.071296
0 0.507552 0.483333 0.021354 0.046296
0 0.495052 0.469907 0.021354 0.023148
0 0.569531 0.517593 0.016146 0.033333
