0 0.029167 0.387963 0.037500 0.042593
1 0.170833 0.371759 0.014583 0.030556
0 0.405469 0.359722 0.161979 0.125000
1 0.627344 0.354167 0.014063 0.049074
1 0.625000 0.375926 0.025000 0.037037
0 0.961719 0.471759 0.075521 0.115741
1 0.025521 0.395370 0.005208 0.037037
1 0.113281 0.375463 0.007812 0.045370
1 0.123438 0.374537 0.008333 0.045370
1 0.134115 0.370833 0.006771 0.043519
1 0.150521 0.368981 0.011458 0.045370
1 0.164062 0.366667 0.007292 0.037037
1 0.255729 0.354167 0.007292 0.036111
1 0.665885 0.367130 0.009896 0.037963
1 0.678385 0.374074 0.006771 0.027778
1 0.695052 0.376852 0.011979 0.027778
