0 0.138542 0.512963 0.039583 0.027778
0 0.205469 0.510185 0.035937 0.025926
0 0.265885 0.558333 0.092188 0.105556
0 0.346615 0.476852 0.054688 0.066667
0 0.402604 0.474537 0.060417 0.052778
0 0.375000 0.530556 0.025000 0.064815
0 0.410938 0.545833 0.069792 0.102778
0 0.456510 0.487037 0.020313 0.025926
0 0.475000 0.516204 0.027083 0.037963
0 0.551562 0.594907 0.160417 0.252778
0 0.620833 0.511574 0.021875 0.032407
0 0.633594 0.496296 0.015104 0.025926
0 0.825260 0.494907 0.030729 0.052778
0 0.834635 0.463889 0.015104 0.027778
0 0.795833 0.453241 0.019792 0.032407
