0 0.379948 0.468519 0.018229 0.022222
0 0.406771 0.469444 0.020833 0.025926
0 0.452344 0.483333 0.038021 0.062963
0 0.501823 0.485185 0.073438 0.140741
0 0.654427 0.465741 0.252604 0.418519
0 0.827083 0.472685 0.044792 0.032407
0 0.858594 0.465741 0.034896 0.040741
0 0.349740 0.506944 0.023438 0.032407
0 0.316406 0.503704 0.021354 0.040741
0 0.333594 0.506019 0.014063 0.026852
0 0.310677 0.516667 0.027604 0.051852
0 0.301563 0.524074 0.045833 0.057407
0 0.259375 0.534722 0.053125 0.076852
0 0.205208 0.548148 0.081250 0.096296
0 0.267448 0.482407 0.019271 0.033333
0 0.236198 0.489815 0.044271 0.051852
0 0.073698 0.565741 0.134896 0.174074
