0 0.785677 0.546296 0.211979 0.285185
0 0.566146 0.484259 0.080208 0.116667
0 0.495573 0.480556 0.036979 0.066667
0 0.438542 0.477778 0.092708 0.157407
0 0.377344 0.449537 0.045312 0.089815
0 0.343750 0.464815 0.020833 0.035185
0 0.337240 0.484722 0.020313 0.073148
0 0.309375 0.482870 0.054167 0.139815
0 0.244271 0.505556 0.136458 0.188889
0 0.161719 0.476852 0.040104 0.055556
0 0.170313 0.437963 0.025000 0.048148
0 0.142187 0.429167 0.021875 0.026852
0 0.014063 0.421759 0.028125 0.037963
0 0.044271 0.423148 0.020833 0.027778
0 0.096354 0.576852 0.192708 0.287037
