0 0.959635 0.455556 0.079687 0.250000
0 0.730729 0.459722 0.187500 0.317593
0 0.616146 0.447685 0.034375 0.054630
0 0.583854 0.456019 0.042708 0.071296
0 0.528906 0.389352 0.038021 0.026852
0 0.526563 0.415741 0.015625 0.024074
0 0.409375 0.411574 0.039583 0.080556
0 0.381771 0.443056 0.032292 0.043519
0 0.350000 0.441667 0.031250 0.040741
0 0.338021 0.434259 0.019792 0.035185
0 0.315104 0.440741 0.022917 0.040741
0 0.289583 0.446296 0.038542 0.062963
0 0.184635 0.587500 0.223438 0.276852
0 0.496354 0.581944 0.221875 0.308333
