0 0.169010 0.524074 0.116146 0.187037
0 0.365365 0.497685 0.076563 0.130556
0 0.473438 0.525463 0.027083 0.080556
0 0.536458 0.558333 0.131250 0.194444
0 0.598437 0.543519 0.032292 0.096296
0 0.600000 0.525000 0.033333 0.068519
0 0.598177 0.480093 0.021354 0.032407
0 0.669010 0.517593 0.026562 0.057407
0 0.701562 0.518981 0.047917 0.104630
0 0.670052 0.483796 0.022396 0.039815
0 0.650521 0.432407 0.016667 0.042593
0 0.583594 0.438889 0.013021 0.022222
0 0.572656 0.415278 0.013021 0.030556
0 0.134896 0.564352 0.094792 0.086111
