0 0.235156 0.461111 0.070312 0.055556
0 0.199609 0.504167 0.099219 0.119444
0 0.131250 0.577778 0.159375 0.205556
0 0.015625 0.773611 0.031250 0.302778
0 0.345313 0.439583 0.068750 0.073611
0 0.337500 0.522917 0.239063 0.098611
0 0.335156 0.779861 0.473438 0.437500
0 0.423828 0.386806 0.094531 0.131944
0 0.445312 0.479861 0.039062 0.059722
0 0.476953 0.493750 0.057031 0.093056
0 0.509766 0.513889 0.091406 0.125000
0 0.613281 0.552083 0.157812 0.231944
0 0.680469 0.608333 0.142187 0.252778
0 0.845313 0.659722 0.307812 0.458333
0 0.935156 0.760417 0.128125 0.476389
0 0.275391 0.427083 0.024219 0.062500
