1 0.883333 0.488426 0.012500 0.052778
0 0.673958 0.481944 0.192708 0.332407
0 0.530990 0.514815 0.023438 0.046296
0 0.461458 0.531481 0.028125 0.042593
0 0.512500 0.530093 0.021875 0.028704
0 0.486198 0.527315 0.016146 0.030556
0 0.549740 0.520370 0.015104 0.024074
0 0.244792 0.514815 0.067708 0.075926
0 0.247396 0.534259 0.040625 0.048148
0 0.164062 0.555093 0.073958 0.089815
0 0.119792 0.556019 0.051042 0.076852
0 0.288281 0.511574 0.025521 0.058333
0 0.005990 0.572685 0.011979 0.104630
1 0.433854 0.301852 0.008333 0.040741
