0 0.014063 0.403704 0.028125 0.062963
0 0.035677 0.396759 0.020313 0.050926
0 0.381510 0.475926 0.713021 0.570370
0 0.591927 0.338426 0.075521 0.032407
0 0.653646 0.365278 0.058333 0.041667
0 0.923438 0.453241 0.087500 0.099074
0 0.895052 0.435185 0.048438 0.066667
1 0.735156 0.372222 0.007812 0.048148
1 0.788281 0.405556 0.011979 0.066667
1 0.826823 0.411111 0.009896 0.062963
1 0.841667 0.412963 0.012500 0.066667
1 0.811979 0.408796 0.011458 0.071296
1 0.812500 0.402315 0.012500 0.071296
1 0.801042 0.413426 0.014583 0.025000
