0 0.383594 0.489352 0.030729 0.041667
0 0.511198 0.503241 0.015104 0.028704
0 0.541927 0.492593 0.023438 0.051852
0 0.572917 0.490741 0.018750 0.059259
0 0.588281 0.493056 0.029687 0.065741
0 0.605990 0.537500 0.056771 0.073148
0 0.659375 0.436111 0.046875 0.061111
0 0.633594 0.438426 0.022396 0.056481
0 0.621354 0.443519 0.017708 0.038889
0 0.659115 0.506481 0.046354 0.051852
0 0.643750 0.480093 0.087500 0.150926
0 0.787240 0.478241 0.133854 0.184259
0 0.781510 0.550926 0.105729 0.105556
0 0.526823 0.528704 0.040104 0.057407
