0 0.100521 0.645833 0.201042 0.321296
0 0.302344 0.534722 0.064062 0.087963
0 0.375521 0.539352 0.071875 0.104630
0 0.422135 0.534722 0.039062 0.060185
0 0.449219 0.526852 0.027604 0.040741
0 0.461719 0.502778 0.028646 0.070370
0 0.489063 0.528704 0.056250 0.103704
0 0.550521 0.519907 0.030208 0.050926
0 0.596354 0.520833 0.031250 0.052778
0 0.652344 0.558796 0.097396 0.123148
0 0.939844 0.443519 0.119271 0.542593
0 0.018750 0.477315 0.037500 0.034259
0 0.336198 0.534722 0.024479 0.060185
0 0.534896 0.514352 0.021875 0.043519
