0 0.239844 0.312963 0.043229 0.092593
0 0.267708 0.327778 0.019792 0.029630
0 0.339323 0.319444 0.032813 0.066667
0 0.526302 0.357870 0.015104 0.023148
0 0.560677 0.343519 0.063021 0.057407
0 0.573438 0.362500 0.038542 0.026852
0 0.605729 0.363889 0.043750 0.037037
0 0.634375 0.368981 0.032292 0.030556
0 0.660156 0.375000 0.048438 0.040741
0 0.679427 0.365278 0.029687 0.026852
0 0.697396 0.385185 0.031250 0.031481
0 0.724479 0.387963 0.028125 0.035185
0 0.748698 0.395833 0.021354 0.026852
0 0.802344 0.403704 0.016146 0.029630
0 0.979167 0.506019 0.028125 0.050926
0 0.987760 0.511574 0.023438 0.060185
0 0.292708 0.339815 0.012500 0.033333
1 0.016406 0.363426 0.005729 0.039815
1 0.021354 0.363426 0.006250 0.041667
1 0.028906 0.360648 0.006771 0.041667
1 0.035677 0.362037 0.006771 0.040741
1 0.042708 0.358796 0.008333 0.043519
1 0.290365 0.328704 0.008854 0.044444
1 0.463021 0.340278 0.005208 0.025000
