0 0.325391 0.381250 0.041406 0.081944
0 0.314844 0.437500 0.037500 0.041667
0 0.283203 0.491667 0.064844 0.088889
0 0.379688 0.444444 0.045312 0.050000
0 0.431641 0.476389 0.061719 0.100000
0 0.364453 0.522222 0.107031 0.138889
0 0.130078 0.506944 0.074219 0.108333
0 0.226172 0.593750 0.199219 0.273611
0 0.058984 0.524306 0.100781 0.126389
0 0.023438 0.548611 0.046875 0.147222
0 0.192578 0.809028 0.385156 0.379167
0 0.333594 0.456250 0.050000 0.045833
0 0.626172 0.450000 0.036719 0.066667
0 0.535156 0.354167 0.157812 0.322222
0 0.563672 0.502778 0.135156 0.061111
0 0.539062 0.677778 0.243750 0.327778
0 0.937109 0.440972 0.124219 0.079167
