0 0.651302 0.504630 0.021354 0.025926
0 0.778125 0.497222 0.022917 0.027778
0 0.731250 0.521759 0.027083 0.037963
0 0.741146 0.545370 0.036458 0.055556
0 0.773438 0.556481 0.039583 0.075926
0 0.710677 0.550000 0.030729 0.059259
0 0.645312 0.543981 0.015625 0.050926
0 0.672917 0.553704 0.059375 0.088889
0 0.634635 0.532407 0.020313 0.035185
0 0.613281 0.534259 0.032813 0.046296
0 0.584375 0.547222 0.015625 0.059259
0 0.557031 0.562963 0.071354 0.092593
0 0.197917 0.489815 0.120833 0.109259
0 0.880469 0.619444 0.238021 0.335185
