0 0.278906 0.428472 0.060937 0.043056
0 0.215234 0.425694 0.053906 0.043056
0 0.239063 0.453472 0.034375 0.059722
0 0.195703 0.445139 0.053906 0.034722
0 0.147656 0.451389 0.045312 0.052778
0 0.264453 0.473611 0.049219 0.072222
0 0.034375 0.478472 0.068750 0.065278
0 0.116406 0.541667 0.110937 0.113889
0 0.031250 0.566667 0.062500 0.111111
0 0.169141 0.550694 0.142969 0.093056
0 0.418359 0.771528 0.833594 0.454167
0 0.468750 0.624306 0.490625 0.368056
0 0.397266 0.402778 0.127344 0.100000
0 0.528906 0.409028 0.051562 0.073611
0 0.509375 0.425000 0.037500 0.041667
0 0.653906 0.458333 0.062500 0.138889
0 0.738672 0.478472 0.064844 0.090278
0 0.707422 0.541667 0.111719 0.147222
0 0.808594 0.487500 0.090625 0.066667
0 0.837500 0.666667 0.256250 0.311111
1 0.984375 0.450000 0.012500 0.055556
1 0.973047 0.454167 0.010156 0.063889
1 0.988281 0.450000 0.007812 0.061111
0 0.494922 0.406250 0.027344 0.056944
