0 0.564844 0.369444 0.031250 0.055556
0 0.586719 0.359722 0.028125 0.050000
0 0.568750 0.386111 0.029687 0.047222
0 0.578125 0.400000 0.039062 0.058333
0 0.608203 0.415972 0.049219 0.062500
0 0.602734 0.459722 0.042969 0.094444
0 0.667578 0.484028 0.116406 0.198611
0 0.826172 0.513889 0.214844 0.338889
0 0.864453 0.642361 0.269531 0.523611
0 0.502734 0.368750 0.064844 0.134722
0 0.458984 0.468056 0.189844 0.177778
0 0.449219 0.765278 0.328125 0.466667
0 0.414062 0.359028 0.034375 0.037500
0 0.367578 0.460417 0.046094 0.112500
0 0.302344 0.522222 0.128125 0.188889
0 0.328516 0.372222 0.042969 0.033333
0 0.362891 0.372917 0.025781 0.034722
0 0.346484 0.381944 0.028906 0.038889
0 0.199219 0.352778 0.034375 0.044444
0 0.173047 0.371528 0.028906 0.043056
0 0.126562 0.394444 0.029687 0.102778
0 0.116406 0.432639 0.039062 0.062500
0 0.063672 0.424306 0.060156 0.081944
1 0.096094 0.440278 0.009375 0.069444
