0 0.941016 0.471528 0.080469 0.087500
0 0.092188 0.449306 0.040625 0.068056
0 0.308594 0.504167 0.029687 0.075000
0 0.273828 0.529167 0.085156 0.130556
0 0.217188 0.574306 0.128125 0.190278
0 0.083984 0.729167 0.167969 0.366667
0 0.369922 0.470833 0.044531 0.069444
0 0.406641 0.481944 0.061719 0.036111
0 0.421875 0.563194 0.256250 0.123611
0 0.404687 0.806250 0.500000 0.379167
0 0.460938 0.425694 0.073438 0.123611
0 0.502344 0.502778 0.032813 0.055556
0 0.548047 0.518056 0.091406 0.119444
0 0.573047 0.550000 0.080469 0.133333
0 0.654687 0.572222 0.132812 0.227778
0 0.724219 0.609722 0.179688 0.275000
0 0.869922 0.706944 0.257031 0.363889
0 0.765234 0.457639 0.063281 0.048611
0 0.351562 0.450694 0.025000 0.054167
