0 0.054167 0.558333 0.070833 0.068519
0 0.110937 0.554630 0.044792 0.057407
0 0.147917 0.486111 0.122917 0.170370
0 0.492708 0.574074 0.167708 0.274074
0 0.525000 0.450463 0.062500 0.102778
0 0.600000 0.522222 0.046875 0.066667
0 0.730208 0.495370 0.056250 0.062963
0 0.754427 0.514352 0.060937 0.076852
0 0.860677 0.631481 0.277604 0.333333
0 0.979427 0.488426 0.040104 0.136111
0 0.966927 0.449537 0.065104 0.106481
0 0.647656 0.488426 0.029687 0.052778
0 0.623698 0.470370 0.025521 0.048148
0 0.597396 0.473148 0.023958 0.040741
0 0.220052 0.538426 0.026562 0.050926
0 0.013281 0.566204 0.026562 0.063889
