0 0.072917 0.652778 0.145833 0.594444
0 0.309115 0.500000 0.038021 0.037037
0 0.448177 0.535185 0.033854 0.046296
0 0.508073 0.539352 0.055729 0.082407
0 0.538802 0.512037 0.018229 0.040741
0 0.622917 0.515278 0.068750 0.149074
0 0.720313 0.564815 0.115625 0.162963
0 0.802865 0.545370 0.055729 0.074074
0 0.931771 0.550000 0.081250 0.085185
0 0.377604 0.502778 0.019792 0.033333
0 0.472396 0.529630 0.019792 0.029630
0 0.575260 0.526389 0.018229 0.025000
0 0.667969 0.531019 0.020313 0.036111
0 0.545312 0.489815 0.013542 0.024074
0 0.526823 0.487963 0.013021 0.024074
