0 0.154427 0.575000 0.085938 0.127778
0 0.288542 0.613426 0.220833 0.326852
0 0.381250 0.537500 0.025000 0.062037
0 0.392448 0.525463 0.024479 0.039815
0 0.398438 0.519444 0.019792 0.038889
0 0.415104 0.512963 0.013542 0.025926
0 0.437240 0.486574 0.025521 0.049074
0 0.446615 0.501852 0.028646 0.050000
0 0.449740 0.537963 0.045312 0.057407
0 0.471875 0.507870 0.017708 0.034259
0 0.497396 0.512500 0.025000 0.060185
0 0.509635 0.525463 0.033854 0.049074
0 0.544271 0.536111 0.048958 0.061111
0 0.634115 0.532407 0.044271 0.053704
