0 0.963281 0.636111 0.072396 0.446296
0 0.496354 0.542593 0.062500 0.088889
0 0.373958 0.555556 0.068750 0.088889
0 0.435677 0.533796 0.034896 0.047222
0 0.410156 0.494444 0.021354 0.033333
0 0.551302 0.532407 0.014063 0.046296
0 0.543490 0.528241 0.017188 0.037963
0 0.531771 0.513889 0.019792 0.022222
0 0.517708 0.487037 0.014583 0.027778
0 0.497656 0.481019 0.028646 0.034259
0 0.452865 0.495833 0.018229 0.037963
0 0.371354 0.491667 0.018750 0.027778
0 0.461198 0.518981 0.021354 0.026852
0 0.582031 0.520370 0.057813 0.109259
