0 0.312240 0.456481 0.021354 0.025926
0 0.252604 0.475463 0.027083 0.037963
0 0.380208 0.458333 0.028125 0.025926
0 0.360938 0.526852 0.083333 0.116667
0 0.458854 0.454167 0.018750 0.034259
0 0.496354 0.466667 0.061458 0.142593
0 0.545573 0.463889 0.026562 0.037037
0 0.545573 0.472685 0.026562 0.039815
0 0.565104 0.488426 0.038542 0.056481
0 0.771875 0.594444 0.196875 0.235185
0 0.559896 0.437037 0.016667 0.025926
0 0.588542 0.454630 0.027083 0.042593
0 0.634896 0.488889 0.043750 0.062963
0 0.556510 0.196296 0.076563 0.040741
