0 0.013021 0.500926 0.026042 0.031481
0 0.302604 0.497685 0.039583 0.026852
0 0.381250 0.480556 0.062500 0.061111
0 0.472135 0.602778 0.172396 0.242593
0 0.515885 0.531481 0.076563 0.114815
0 0.557031 0.516204 0.019271 0.039815
0 0.573438 0.522685 0.021875 0.056481
0 0.595573 0.527778 0.044271 0.075926
0 0.628385 0.543981 0.076563 0.095370
0 0.644010 0.486574 0.024479 0.041667
0 0.710417 0.487963 0.119792 0.161111
0 0.758854 0.585185 0.177083 0.192593
0 0.798958 0.498611 0.068750 0.045370
0 0.894010 0.554167 0.149479 0.163889
