0 0.116667 0.696296 0.233333 0.601852
0 0.257031 0.541204 0.061979 0.084259
0 0.379167 0.536111 0.047917 0.064815
0 0.408854 0.526389 0.027083 0.041667
0 0.418750 0.521296 0.018750 0.038889
0 0.429948 0.516667 0.015104 0.031481
0 0.463802 0.538426 0.046354 0.063889
0 0.541927 0.528241 0.032813 0.054630
0 0.568490 0.540741 0.055729 0.070370
0 0.676042 0.537963 0.054167 0.062963
0 0.528385 0.516204 0.026562 0.067593
0 0.468490 0.498148 0.030729 0.046296
0 0.501302 0.512037 0.018229 0.035185
0 0.323958 0.491667 0.029167 0.029630
