0 0.109635 0.616204 0.219271 0.371296
0 0.169271 0.431481 0.091667 0.077778
0 0.228906 0.437963 0.063021 0.064815
0 0.239844 0.504167 0.086979 0.115741
0 0.281510 0.423148 0.048438 0.033333
0 0.291927 0.424537 0.048438 0.030556
0 0.372396 0.483796 0.032292 0.050926
0 0.414323 0.500000 0.066146 0.096296
0 0.451562 0.471759 0.030208 0.047222
0 0.471615 0.457407 0.019271 0.024074
0 0.483854 0.437037 0.014583 0.031481
0 0.501563 0.458333 0.029167 0.068519
0 0.535937 0.440741 0.025000 0.055556
0 0.760677 0.469444 0.056771 0.033333
