0 0.007031 0.473148 0.014063 0.061111
0 0.108073 0.548148 0.141146 0.122222
0 0.285677 0.527315 0.059896 0.065741
0 0.396875 0.515741 0.021875 0.031481
0 0.434115 0.525926 0.045312 0.057407
0 0.440885 0.486574 0.028646 0.037963
0 0.500260 0.501389 0.015104 0.037963
0 0.527604 0.506019 0.032292 0.071296
0 0.555990 0.512963 0.014063 0.025926
0 0.588021 0.480093 0.037500 0.063889
0 0.591927 0.529630 0.052604 0.068519
0 0.616406 0.512500 0.016146 0.032407
0 0.632031 0.517130 0.024479 0.049074
0 0.641146 0.521296 0.015625 0.048148
0 0.650260 0.520370 0.016146 0.050000
0 0.665885 0.525926 0.033854 0.074074
0 0.794792 0.669907 0.341667 0.419444
0 0.929948 0.473148 0.139063 0.451852
0 0.924740 0.338889 0.149479 0.281481
0 0.237240 0.486574 0.022396 0.032407
