0 0.170313 0.499074 0.036458 0.033333
0 0.278646 0.599074 0.136458 0.185185
0 0.395573 0.521296 0.086979 0.172222
0 0.444531 0.543056 0.025521 0.041667
0 0.465625 0.542130 0.015625 0.028704
0 0.500000 0.515278 0.059375 0.143519
0 0.519792 0.396296 0.036458 0.029630
0 0.556510 0.427315 0.026562 0.032407
0 0.566927 0.441667 0.023438 0.031481
0 0.577865 0.454167 0.026562 0.039815
0 0.590365 0.465741 0.027604 0.044444
0 0.598177 0.472685 0.033854 0.049074
0 0.605208 0.487500 0.035417 0.050926
0 0.613802 0.500926 0.027604 0.048148
0 0.646354 0.522685 0.048958 0.075000
0 0.855729 0.584722 0.140625 0.176852
0 0.771094 0.531944 0.061979 0.086111
0 0.633333 0.454167 0.030208 0.039815
