0 0.890365 0.640741 0.218229 0.644444
1 0.724740 0.471296 0.007812 0.031481
0 0.664323 0.508796 0.016146 0.063889
0 0.609375 0.481481 0.095833 0.177778
0 0.555990 0.478241 0.019271 0.032407
0 0.505990 0.453241 0.021354 0.032407
0 0.529948 0.484722 0.015104 0.028704
0 0.496094 0.531019 0.092188 0.121296
1 0.453646 0.479167 0.006250 0.028704
0 0.430208 0.500463 0.038542 0.050926
0 0.402604 0.486111 0.023958 0.031481
0 0.339062 0.481944 0.017708 0.025000
0 0.295573 0.500463 0.023438 0.037963
0 0.268229 0.515741 0.045833 0.057407
0 0.223698 0.510648 0.034896 0.069444
0 0.174740 0.528241 0.076563 0.095370
0 0.116927 0.493519 0.060937 0.120370
0 0.059115 0.533796 0.071354 0.095370
0 0.032292 0.492593 0.064583 0.155556
