0 0.122917 0.497222 0.069792 0.072222
0 0.204687 0.484259 0.072917 0.087037
0 0.297917 0.449537 0.113542 0.160185
0 0.290625 0.587037 0.131250 0.164815
0 0.430990 0.540278 0.041146 0.052778
0 0.454688 0.531019 0.026042 0.041667
0 0.496875 0.546296 0.066667 0.096296
0 0.535156 0.508333 0.024479 0.066667
0 0.539583 0.530556 0.016667 0.033333
0 0.570573 0.492593 0.056771 0.137037
0 0.611719 0.515741 0.048438 0.162963
0 0.682031 0.520833 0.115104 0.226852
0 0.836458 0.485648 0.012500 0.030556
0 0.992708 0.513426 0.013542 0.039815
