0 0.172396 0.498148 0.069792 0.024074
0 0.235677 0.487037 0.018229 0.029630
0 0.288802 0.495370 0.023438 0.024074
0 0.352865 0.468519 0.027604 0.040741
0 0.355729 0.496296 0.019792 0.033333
0 0.374740 0.502778 0.026562 0.035185
0 0.400260 0.510185 0.025521 0.050000
0 0.441667 0.537963 0.088542 0.133333
0 0.479167 0.504167 0.016667 0.052778
0 0.499219 0.501852 0.026562 0.033333
0 0.530208 0.500926 0.033333 0.042593
0 0.564323 0.536111 0.072396 0.092593
0 0.599479 0.504630 0.035417 0.053704
0 0.645573 0.559722 0.111979 0.136111
0 0.701562 0.519907 0.052083 0.076852
0 0.969010 0.567130 0.060937 0.113889
