0 0.090104 0.480093 0.048958 0.043519
0 0.153125 0.478241 0.060417 0.049074
0 0.325781 0.473611 0.036979 0.037963
0 0.279427 0.562037 0.115104 0.148148
0 0.331771 0.525463 0.039583 0.065741
0 0.336458 0.496296 0.033333 0.035185
0 0.375000 0.511111 0.033333 0.048148
0 0.414844 0.516204 0.042188 0.062037
0 0.392969 0.475000 0.021354 0.033333
0 0.419271 0.477315 0.018750 0.023148
0 0.449219 0.492130 0.022396 0.060185
0 0.476042 0.537037 0.066667 0.085185
0 0.516406 0.481944 0.024479 0.056481
0 0.539844 0.496296 0.027604 0.066667
0 0.545052 0.511574 0.024479 0.054630
0 0.555469 0.522685 0.029687 0.076852
0 0.589063 0.527778 0.066667 0.116667
0 0.641406 0.543519 0.080729 0.151852
0 0.695052 0.560185 0.103646 0.179630
0 0.711458 0.587963 0.068750 0.212963
0 0.833073 0.606019 0.251563 0.334259
0 0.958073 0.694907 0.082812 0.384259
0 0.603125 0.543519 0.028125 0.109259
