0 0.257812 0.454861 0.112500 0.165278
0 0.147266 0.479167 0.046094 0.052778
0 0.209375 0.513194 0.078125 0.073611
0 0.081641 0.493750 0.064844 0.059722
0 0.033594 0.507639 0.067187 0.062500
0 0.126953 0.647917 0.222656 0.237500
0 0.395703 0.766667 0.553906 0.463889
0 0.307812 0.506250 0.081250 0.093056
0 0.447656 0.513889 0.220312 0.072222
0 0.558984 0.528472 0.046094 0.095833
0 0.599609 0.456944 0.046094 0.102778
0 0.632031 0.485417 0.037500 0.062500
0 0.715234 0.497917 0.046094 0.070833
0 0.700781 0.482639 0.035937 0.068056
0 0.902344 0.795139 0.193750 0.406944
0 0.944922 0.551389 0.108594 0.105556
0 0.932422 0.468056 0.099219 0.141667
1 0.982422 0.475000 0.011719 0.044444
0 0.743750 0.456944 0.031250 0.055556
