0 0.893490 0.406019 0.211979 0.812037
0 0.420833 0.531481 0.065625 0.083333
0 0.471615 0.501389 0.041146 0.049074
0 0.360156 0.485648 0.031771 0.037963
0 0.369531 0.515278 0.047396 0.062037
0 0.303125 0.475463 0.031250 0.047222
0 0.274219 0.481019 0.029687 0.041667
0 0.288802 0.513889 0.048438 0.074074
0 0.230469 0.484259 0.026562 0.038889
0 0.254948 0.471759 0.022396 0.028704
0 0.206771 0.514352 0.055208 0.089815
0 0.164062 0.465278 0.022917 0.028704
0 0.152604 0.455556 0.014583 0.024074
0 0.127344 0.442130 0.036979 0.060185
0 0.153385 0.438426 0.016146 0.023148
0 0.094010 0.430093 0.014063 0.026852
0 0.037500 0.456019 0.020833 0.030556
