0 0.074479 0.480556 0.088542 0.031481
0 0.259896 0.459259 0.055208 0.070370
0 0.320052 0.455093 0.029687 0.067593
0 0.462240 0.471759 0.016146 0.025000
0 0.467187 0.487500 0.021875 0.030556
0 0.494271 0.469907 0.017708 0.023148
0 0.491146 0.505093 0.034375 0.050926
0 0.429688 0.514815 0.037500 0.053704
0 0.381771 0.524074 0.071875 0.103704
0 0.517448 0.454630 0.020313 0.051852
0 0.534896 0.477315 0.030208 0.065741
0 0.554948 0.462963 0.018229 0.042593
0 0.562760 0.482870 0.017188 0.043519
0 0.582552 0.490278 0.025521 0.060185
0 0.544792 0.509722 0.031250 0.039815
