0 0.093229 0.660648 0.186458 0.426852
0 0.241667 0.616204 0.177083 0.254630
0 0.346094 0.585648 0.093229 0.158333
0 0.380208 0.543519 0.033333 0.072222
0 0.494271 0.618519 0.222917 0.355556
0 0.522396 0.459722 0.160417 0.249074
0 0.651302 0.560648 0.032813 0.030556
0 0.680208 0.561111 0.034375 0.031481
0 0.724479 0.550000 0.038542 0.051852
0 0.736458 0.557407 0.034375 0.035185
0 0.895833 0.541667 0.105208 0.072222
0 0.967448 0.551852 0.053646 0.031481
0 0.974479 0.553241 0.050000 0.028704
1 0.829167 0.552778 0.009375 0.046296
1 0.846094 0.562037 0.009896 0.048148
