0 0.387240 0.463426 0.013021 0.026852
0 0.282552 0.588889 0.221354 0.300000
0 0.378906 0.527315 0.039062 0.100926
0 0.398698 0.526852 0.022396 0.068519
0 0.413802 0.514815 0.030729 0.046296
0 0.423958 0.462963 0.016667 0.031481
0 0.420052 0.480556 0.016146 0.024074
0 0.429688 0.501389 0.019792 0.030556
0 0.465365 0.535185 0.076563 0.112963
0 0.487240 0.465278 0.014063 0.026852
0 0.508594 0.481019 0.030729 0.071296
0 0.525000 0.504630 0.036458 0.068519
0 0.577083 0.533796 0.059375 0.078704
0 0.687760 0.468056 0.188021 0.380556
