0 0.023177 0.428241 0.046354 0.099074
0 0.057813 0.349074 0.098958 0.116667
0 0.131771 0.365278 0.064583 0.106481
0 0.081250 0.456019 0.055208 0.050926
0 0.123698 0.462037 0.043229 0.037037
0 0.457031 0.458333 0.076563 0.059259
0 0.534896 0.550000 0.134375 0.187037
0 0.595052 0.521296 0.039062 0.098148
0 0.629167 0.503241 0.044792 0.075000
0 0.660417 0.507870 0.028125 0.056481
0 0.715365 0.481944 0.064062 0.163889
0 0.759375 0.498611 0.023958 0.034259
0 0.791146 0.519907 0.019792 0.026852
0 0.082031 0.380093 0.164062 0.199074
