0 0.650781 0.482407 0.158854 0.344444
0 0.566927 0.491667 0.015104 0.037037
0 0.561979 0.535185 0.021875 0.051852
0 0.530729 0.536111 0.052083 0.075926
0 0.499219 0.484259 0.036979 0.055556
0 0.489583 0.529630 0.025000 0.037037
0 0.568229 0.525926 0.013542 0.042593
0 0.362760 0.520833 0.026562 0.021296
0 0.316406 0.539815 0.044271 0.072222
0 0.257552 0.546759 0.061979 0.076852
0 0.176563 0.525000 0.065625 0.061111
0 0.175781 0.553704 0.052604 0.083333
0 0.132292 0.483333 0.126042 0.072222
0 0.112500 0.577778 0.115625 0.144444
0 0.031250 0.596759 0.062500 0.184259
0 0.050000 0.531481 0.042708 0.051852
0 0.508594 0.523611 0.019271 0.058333
