0 0.036198 0.490741 0.022396 0.050000
0 0.041406 0.515278 0.018229 0.025000
0 0.094010 0.519444 0.018229 0.022222
0 0.203906 0.504167 0.018229 0.025000
0 0.223698 0.494907 0.017188 0.026852
0 0.248698 0.494444 0.018229 0.025926
0 0.287240 0.481944 0.025521 0.041667
0 0.328125 0.466204 0.031250 0.037963
0 0.323437 0.474537 0.032292 0.037963
0 0.334375 0.510648 0.035417 0.049074
0 0.262760 0.533796 0.026562 0.063889
0 0.199479 0.545833 0.028125 0.052778
0 0.219531 0.562500 0.063021 0.084259
0 0.104427 0.572685 0.050521 0.078704
0 0.311198 0.568519 0.102604 0.150000
0 0.061458 0.616667 0.122917 0.170370
0 0.396875 0.487500 0.050000 0.115741
0 0.226823 0.509259 0.023438 0.027778
