0 0.935156 0.409722 0.128125 0.366667
0 0.442969 0.467361 0.131250 0.248611
0 0.225781 0.557639 0.232813 0.451389
0 0.045703 0.526389 0.091406 0.063889
0 0.543750 0.429861 0.029687 0.070833
0 0.039062 0.791667 0.078125 0.413889
0 0.384766 0.561111 0.083594 0.172222
0 0.520703 0.506250 0.028906 0.095833
0 0.536328 0.454861 0.028906 0.040278
0 0.601562 0.493750 0.064062 0.090278
0 0.630078 0.452778 0.036719 0.052778
0 0.803125 0.545833 0.143750 0.200000
0 0.949219 0.734722 0.100000 0.527778
0 0.871875 0.481944 0.042188 0.094444
0 0.758203 0.444444 0.039844 0.058333
0 0.680078 0.461111 0.019531 0.052778
0 0.710547 0.475000 0.063281 0.097222
0 0.669922 0.445139 0.027344 0.043056
