0 0.086198 0.484259 0.172396 0.188889
0 0.235156 0.515741 0.039062 0.042593
0 0.337500 0.495370 0.019792 0.033333
0 0.420052 0.498148 0.025521 0.031481
0 0.526823 0.548148 0.096354 0.124074
0 0.557552 0.502778 0.027604 0.038889
0 0.760417 0.476389 0.014583 0.037963
0 0.776042 0.477315 0.025000 0.047222
0 0.788802 0.483796 0.030729 0.052778
0 0.797135 0.488889 0.031771 0.050000
0 0.804427 0.492593 0.036979 0.050000
0 0.666406 0.473148 0.023438 0.037037
0 0.621094 0.476852 0.019271 0.037037
0 0.701302 0.473148 0.021354 0.031481
