0 0.230990 0.481481 0.067187 0.074074
0 0.347656 0.506944 0.025521 0.023148
0 0.407813 0.503704 0.018750 0.025926
0 0.527604 0.448148 0.012500 0.029630
0 0.539583 0.506481 0.015625 0.029630
0 0.503385 0.557407 0.092188 0.137037
0 0.639323 0.507870 0.019271 0.043519
0 0.667448 0.495370 0.021354 0.022222
0 0.649740 0.518519 0.024479 0.035185
0 0.668490 0.525926 0.033854 0.042593
0 0.705990 0.531481 0.045312 0.053704
0 0.939844 0.560185 0.078646 0.112963
0 0.827604 0.473148 0.083333 0.033333
0 0.825000 0.618056 0.225000 0.265741
