0 0.699219 0.487963 0.045312 0.044444
0 0.624479 0.541204 0.052083 0.102778
0 0.684375 0.577778 0.107292 0.131481
0 0.580469 0.538889 0.036979 0.051852
0 0.564323 0.503241 0.032813 0.045370
0 0.477865 0.445370 0.068229 0.042593
0 0.495833 0.583333 0.158333 0.240741
0 0.412760 0.470833 0.072396 0.071296
0 0.409115 0.550926 0.043229 0.079630
0 0.382552 0.526852 0.027604 0.037037
0 0.359375 0.556944 0.063542 0.093519
0 0.238021 0.509259 0.226042 0.368519
0 0.116406 0.559259 0.033854 0.155556
0 0.059375 0.697222 0.118750 0.411111
0 0.803906 0.507870 0.022396 0.025000
0 0.975521 0.495370 0.023958 0.024074
