0 0.115365 0.612500 0.230729 0.400926
0 0.458594 0.528704 0.042188 0.081481
0 0.516406 0.549537 0.106771 0.154630
0 0.458854 0.480556 0.045833 0.046296
0 0.579167 0.529167 0.037500 0.052778
0 0.563281 0.506481 0.020313 0.024074
0 0.601042 0.518519 0.021875 0.031481
0 0.620313 0.515278 0.022917 0.030556
0 0.657813 0.531944 0.038542 0.049074
0 0.674740 0.514352 0.018229 0.026852
0 0.682552 0.512037 0.011979 0.022222
0 0.699479 0.512963 0.022917 0.038889
0 0.836198 0.562963 0.153646 0.285185
0 0.902604 0.548611 0.036458 0.086111
