0 0.311198 0.447685 0.026562 0.028704
0 0.350781 0.502315 0.083854 0.104630
0 0.417187 0.482407 0.043750 0.055556
0 0.441927 0.475000 0.023438 0.037037
0 0.410417 0.439815 0.019792 0.033333
0 0.417708 0.437037 0.015625 0.035185
0 0.459635 0.471759 0.019271 0.028704
0 0.468229 0.466667 0.012500 0.022222
0 0.493750 0.447222 0.042708 0.098148
0 0.507292 0.481944 0.043750 0.054630
0 0.535417 0.466667 0.012500 0.027778
0 0.555990 0.474537 0.034896 0.049074
0 0.577865 0.472685 0.020313 0.032407
0 0.559896 0.436111 0.019792 0.031481
0 0.641406 0.451389 0.059896 0.115741
0 0.721615 0.421759 0.016146 0.026852
