0 0.484115 0.523611 0.025521 0.054630
1 0.481510 0.505556 0.019271 0.074074
1 0.541667 0.506944 0.014583 0.071296
0 0.555729 0.509259 0.015625 0.033333
0 0.503646 0.508333 0.067708 0.037037
1 0.557813 0.497222 0.011458 0.037037
0 0.635938 0.462500 0.069792 0.054630
0 0.763802 0.473611 0.019271 0.026852
0 0.782552 0.475000 0.036979 0.027778
0 0.806771 0.475000 0.029167 0.024074
0 0.866667 0.463889 0.046875 0.033333
0 0.943750 0.448148 0.111458 0.077778
0 0.277344 0.480556 0.020313 0.025926
0 0.380729 0.475926 0.159375 0.329630
0 0.237760 0.516204 0.015104 0.034259
0 0.222396 0.513426 0.022917 0.039815
0 0.222135 0.517593 0.015104 0.037037
0 0.211719 0.518056 0.019271 0.037963
0 0.194531 0.521759 0.029687 0.039815
0 0.168750 0.522222 0.013542 0.038889
0 0.150521 0.517130 0.034375 0.056481
0 0.127604 0.524074 0.018750 0.038889
0 0.104948 0.527778 0.030729 0.044444
0 0.090625 0.507407 0.030208 0.079630
0 0.045312 0.490278 0.066667 0.052778
0 0.046354 0.544907 0.075000 0.091667
0 0.077344 0.528704 0.018229 0.046296
