0 0.711458 0.493056 0.033333 0.060185
0 0.709375 0.530556 0.026042 0.050000
0 0.720833 0.537037 0.033333 0.062963
0 0.733594 0.542130 0.045312 0.069444
0 0.755208 0.547685 0.045833 0.076852
0 0.811719 0.550000 0.094271 0.125926
0 0.939323 0.706944 0.120313 0.558333
0 0.603906 0.522685 0.026562 0.039815
0 0.584896 0.533796 0.025000 0.054630
0 0.559896 0.532870 0.042708 0.073148
0 0.548177 0.541667 0.024479 0.068519
0 0.474740 0.621296 0.197396 0.268519
0 0.626042 0.537963 0.029167 0.087037
0 0.661979 0.556019 0.084375 0.121296
0 0.050521 0.526852 0.072917 0.024074
