0 0.288672 0.263889 0.022656 0.058333
0 0.268359 0.340278 0.032031 0.041667
0 0.022656 0.469444 0.034375 0.052778
0 0.332813 0.328472 0.025000 0.043056
0 0.302344 0.363889 0.026562 0.038889
0 0.360156 0.327778 0.025000 0.052778
0 0.344531 0.356250 0.028125 0.043056
0 0.314844 0.389583 0.029687 0.040278
0 0.295703 0.409028 0.035156 0.048611
0 0.363281 0.379861 0.031250 0.048611
0 0.378125 0.362500 0.021875 0.038889
0 0.330859 0.412500 0.035156 0.044444
0 0.306250 0.431944 0.039062 0.036111
0 0.248828 0.448611 0.038281 0.050000
0 0.205078 0.448611 0.038281 0.050000
0 0.211719 0.471528 0.050000 0.065278
0 0.326953 0.470833 0.039844 0.069444
0 0.305078 0.495833 0.082031 0.066667
0 0.172266 0.545139 0.088281 0.106944
0 0.139844 0.500694 0.079687 0.168056
0 0.094922 0.514583 0.025781 0.054167
0 0.071875 0.628472 0.143750 0.209722
0 0.445312 0.328472 0.025000 0.045833
0 0.435547 0.355556 0.028906 0.044444
0 0.410156 0.409722 0.064062 0.130556
0 0.389062 0.477083 0.050000 0.062500
0 0.315625 0.604861 0.143750 0.184722
0 0.482812 0.346528 0.029687 0.040278
0 0.475391 0.411111 0.032031 0.047222
0 0.469922 0.419444 0.041406 0.047222
0 0.465625 0.459722 0.042188 0.058333
0 0.524609 0.270139 0.022656 0.045833
0 0.525391 0.339583 0.028906 0.045833
0 0.523828 0.375000 0.030469 0.044444
0 0.530859 0.395833 0.032031 0.036111
0 0.528125 0.422917 0.037500 0.043056
0 0.533594 0.465278 0.039062 0.072222
0 0.506641 0.473611 0.078906 0.066667
0 0.509375 0.554167 0.106250 0.138889
0 0.900391 0.456944 0.121094 0.088889
0 0.873828 0.583333 0.250781 0.225000
