0 0.737240 0.505093 0.038021 0.060185
0 0.747396 0.521296 0.018750 0.042593
0 0.756250 0.532870 0.025000 0.052778
0 0.720052 0.513889 0.018229 0.035185
0 0.683854 0.521296 0.034375 0.042593
0 0.639844 0.518056 0.041146 0.063889
0 0.621615 0.524537 0.031771 0.058333
0 0.595313 0.486111 0.022917 0.057407
0 0.605208 0.566204 0.025000 0.139815
0 0.828385 0.562963 0.145313 0.222222
0 0.500260 0.604167 0.242188 0.367593
0 0.384375 0.557407 0.035417 0.118519
0 0.359896 0.478704 0.138542 0.212963
0 0.251042 0.581481 0.185417 0.233333
0 0.139583 0.539352 0.135417 0.193519
0 0.015365 0.602315 0.030729 0.186111
0 0.871875 0.452778 0.012500 0.024074
