0 0.127865 0.382407 0.033854 0.048148
1 0.127344 0.366667 0.018229 0.055556
0 0.477083 0.355093 0.025000 0.052778
0 0.505990 0.351852 0.034896 0.075926
0 0.550781 0.379167 0.039062 0.043519
0 0.777865 0.421759 0.016146 0.025000
0 0.809375 0.407407 0.054167 0.061111
0 0.822656 0.429630 0.033854 0.027778
0 0.850000 0.432870 0.029167 0.037963
0 0.877344 0.442593 0.039062 0.070370
0 0.900781 0.446759 0.019271 0.041667
0 0.918229 0.450000 0.020833 0.029630
0 0.925000 0.456944 0.026042 0.028704
0 0.977344 0.487037 0.044271 0.098148
0 0.945833 0.463889 0.016667 0.024074
1 0.199479 0.375463 0.008333 0.039815
1 0.216406 0.376852 0.006771 0.035185
1 0.227604 0.374074 0.004167 0.037037
1 0.231510 0.374537 0.005729 0.037963
1 0.249219 0.375000 0.007812 0.037037
1 0.261979 0.375926 0.007292 0.037037
1 0.283333 0.374537 0.008333 0.037963
1 0.291927 0.374537 0.007812 0.037963
1 0.302865 0.371759 0.007812 0.041667
1 0.313281 0.373148 0.007812 0.038889
1 0.333854 0.363426 0.006250 0.034259
1 0.687500 0.393519 0.007292 0.033333
1 0.611719 0.378241 0.005729 0.030556
1 0.727344 0.412037 0.015104 0.022222
