1 0.038281 0.463194 0.009375 0.079167
0 0.017969 0.444444 0.035937 0.091667
0 0.073828 0.452778 0.035156 0.072222
0 0.080859 0.411806 0.049219 0.112500
0 0.148047 0.383333 0.035156 0.052778
0 0.187109 0.365278 0.027344 0.050000
0 0.331250 0.385417 0.046875 0.037500
0 0.373047 0.397917 0.030469 0.043056
0 0.334375 0.404861 0.034375 0.037500
0 0.421094 0.375000 0.037500 0.038889
0 0.460156 0.373611 0.029687 0.036111
0 0.391797 0.441667 0.050781 0.066667
0 0.330859 0.511806 0.103906 0.168056
0 0.520312 0.371528 0.062500 0.123611
0 0.541406 0.441667 0.021875 0.069444
0 0.467969 0.486806 0.195312 0.193056
0 0.446484 0.776389 0.367969 0.444444
0 0.015234 0.892361 0.030469 0.212500
0 0.579688 0.375694 0.032813 0.051389
0 0.586328 0.394444 0.028906 0.047222
0 0.592187 0.406250 0.035937 0.056944
0 0.618750 0.368056 0.028125 0.044444
0 0.617969 0.426389 0.046875 0.069444
0 0.612500 0.456250 0.040625 0.087500
0 0.667188 0.483333 0.098437 0.183333
0 0.798047 0.512500 0.196094 0.300000
0 0.857812 0.606944 0.281250 0.411111
