0 0.239323 0.515741 0.211979 0.320370
0 0.386458 0.450463 0.025000 0.030556
0 0.414583 0.453704 0.021875 0.024074
0 0.449219 0.453704 0.017188 0.022222
0 0.404687 0.449537 0.013542 0.026852
0 0.470052 0.472685 0.016146 0.028704
0 0.495052 0.488426 0.047396 0.062037
0 0.501563 0.451852 0.041667 0.096296
0 0.536198 0.457407 0.014063 0.035185
0 0.560937 0.458333 0.035417 0.092593
0 0.608594 0.448148 0.069271 0.153704
0 0.666667 0.445370 0.098958 0.242593
0 0.710417 0.483333 0.032292 0.092593
0 0.893229 0.508796 0.212500 0.541667
