0 0.195312 0.583796 0.190625 0.254630
0 0.377865 0.545370 0.045312 0.075926
0 0.460417 0.553241 0.069792 0.099074
0 0.533594 0.534259 0.040104 0.087037
0 0.593490 0.509259 0.103646 0.192593
0 0.664844 0.556944 0.044271 0.071296
0 0.700260 0.548148 0.034896 0.075926
0 0.728906 0.524074 0.026562 0.064815
0 0.746875 0.557870 0.027083 0.060185
0 0.778646 0.568981 0.035417 0.041667
0 0.842969 0.566667 0.052604 0.059259
0 0.970313 0.553241 0.058333 0.104630
0 0.403906 0.558796 0.018229 0.028704
0 0.507812 0.557407 0.030208 0.042593
0 0.669792 0.520370 0.028125 0.040741
0 0.800260 0.556019 0.018229 0.025000
