0 0.214844 0.453704 0.071354 0.081481
0 0.266406 0.478704 0.032813 0.031481
0 0.429688 0.470370 0.061458 0.103704
0 0.452604 0.511111 0.048958 0.062963
0 0.468490 0.492593 0.030729 0.040741
0 0.515625 0.561111 0.116667 0.151852
0 0.545573 0.500000 0.033854 0.046296
0 0.571094 0.481481 0.016146 0.022222
0 0.604427 0.458333 0.039062 0.098148
0 0.629167 0.466667 0.016667 0.048148
0 0.644010 0.467130 0.015104 0.045370
0 0.682292 0.517130 0.069792 0.145370
0 0.734375 0.493519 0.026042 0.042593
0 0.806510 0.572222 0.185938 0.250000
0 0.961979 0.540278 0.075000 0.125000
