0 0.091146 0.494444 0.076042 0.055556
0 0.303906 0.500463 0.042188 0.039815
0 0.309896 0.546296 0.038542 0.074074
0 0.360938 0.549537 0.080208 0.115741
0 0.410417 0.530093 0.026042 0.039815
0 0.450781 0.530556 0.028646 0.044444
0 0.503646 0.542130 0.080208 0.152778
0 0.548958 0.521296 0.027083 0.057407
0 0.559635 0.513426 0.018229 0.047222
0 0.616146 0.526389 0.038542 0.065741
0 0.657031 0.529630 0.053646 0.083333
0 0.709115 0.549537 0.073438 0.087963
0 0.426042 0.531481 0.015625 0.031481
0 0.465625 0.511574 0.016667 0.050926
