0 0.012240 0.545370 0.024479 0.170370
0 0.166927 0.553704 0.194271 0.235185
0 0.129948 0.459722 0.086979 0.069444
0 0.238802 0.462037 0.016146 0.025926
0 0.265365 0.475463 0.014063 0.050926
0 0.315885 0.489352 0.093229 0.149074
0 0.361458 0.481481 0.016667 0.055556
0 0.376042 0.474074 0.025000 0.037037
0 0.403385 0.456481 0.036979 0.094444
0 0.475000 0.492593 0.122917 0.209259
0 0.540885 0.485648 0.022396 0.086111
0 0.609115 0.506944 0.092188 0.130556
0 0.913281 0.625000 0.172396 0.398148
0 0.232292 0.443056 0.018750 0.030556
