0 0.072396 0.415278 0.144792 0.491667
0 0.153646 0.463426 0.016667 0.041667
0 0.253646 0.534722 0.200000 0.287963
0 0.355729 0.506019 0.041667 0.100926
0 0.410156 0.518519 0.077604 0.100000
0 0.445312 0.491667 0.036458 0.059259
0 0.509115 0.493981 0.025521 0.049074
0 0.542969 0.517593 0.076563 0.100000
0 0.563281 0.495370 0.043229 0.072222
0 0.587500 0.487963 0.027083 0.057407
0 0.599479 0.482870 0.023958 0.052778
0 0.624479 0.488889 0.021875 0.031481
0 0.640104 0.488426 0.016667 0.026852
0 0.650781 0.486574 0.016146 0.028704
0 0.676302 0.481481 0.020313 0.037037
