0 0.044010 0.562500 0.088021 0.193519
0 0.118490 0.440278 0.029687 0.073148
0 0.198958 0.438426 0.132292 0.189815
0 0.225000 0.563889 0.179167 0.212963
0 0.287500 0.505093 0.055208 0.093519
0 0.322656 0.496759 0.038021 0.067593
0 0.351042 0.446759 0.052083 0.054630
0 0.304948 0.456944 0.025521 0.030556
0 0.369792 0.518981 0.081250 0.108333
0 0.409375 0.502315 0.036458 0.069444
0 0.419010 0.454167 0.018229 0.028704
0 0.495573 0.511111 0.149479 0.255556
0 0.573438 0.460648 0.035417 0.112037
0 0.584375 0.494907 0.019792 0.102778
0 0.633333 0.439815 0.100000 0.235185
0 0.689844 0.513889 0.113021 0.177778
0 0.770833 0.553241 0.140625 0.199074
0 0.901823 0.600000 0.195312 0.412963
0 0.384115 0.454167 0.017188 0.023148
