0 0.080469 0.624306 0.160938 0.245833
0 0.437500 0.547917 0.107813 0.165278
0 0.498437 0.526389 0.040625 0.091667
0 0.603516 0.518056 0.063281 0.091667
0 0.632422 0.474306 0.032031 0.054167
0 0.707031 0.493750 0.050000 0.073611
0 0.934766 0.531250 0.103906 0.134722
0 0.744531 0.470833 0.021875 0.047222
0 0.696094 0.475000 0.040625 0.066667
0 0.660937 0.465972 0.026562 0.043056
0 0.518750 0.495139 0.051562 0.093056
0 0.252734 0.515972 0.114844 0.145833
0 0.470703 0.444444 0.039844 0.075000
0 0.574609 0.475694 0.028906 0.043056
0 0.803906 0.540972 0.135937 0.229167
0 0.666797 0.427083 0.027344 0.034722
0 0.408203 0.470833 0.042969 0.036111
