0 0.376302 0.498611 0.019271 0.021296
0 0.271615 0.496759 0.017188 0.030556
0 0.043490 0.501852 0.058854 0.024074
0 0.324740 0.546296 0.114062 0.146296
0 0.541146 0.493519 0.018750 0.020370
0 0.549740 0.514352 0.013021 0.025000
0 0.564323 0.522222 0.031771 0.050000
0 0.585677 0.482407 0.027604 0.038889
0 0.609115 0.462037 0.029687 0.062963
0 0.597396 0.530093 0.050000 0.084259
0 0.671094 0.467593 0.111979 0.183333
0 0.728125 0.529167 0.021875 0.056481
0 0.652865 0.559259 0.107813 0.129630
0 0.763542 0.536574 0.080208 0.106481
0 0.963542 0.475000 0.071875 0.037037
0 0.874740 0.448611 0.100521 0.050926
0 0.867708 0.634259 0.263542 0.340741
0 0.491927 0.591667 0.154688 0.216667
