0 0.076042 0.476389 0.090625 0.073148
0 0.132292 0.494444 0.037500 0.031481
0 0.323437 0.468056 0.019792 0.043519
0 0.351562 0.460185 0.027083 0.042593
0 0.353125 0.478241 0.016667 0.023148
0 0.300781 0.461574 0.017188 0.034259
0 0.548177 0.484259 0.029687 0.068519
0 0.571094 0.512963 0.047396 0.068519
0 0.469531 0.470833 0.015104 0.026852
0 0.453906 0.490741 0.023438 0.027778
0 0.441406 0.502778 0.014063 0.038889
0 0.422396 0.509259 0.039583 0.061111
0 0.406771 0.491204 0.018750 0.032407
0 0.369271 0.508333 0.036458 0.046296
0 0.499479 0.537037 0.080208 0.118519
0 0.754948 0.529167 0.086979 0.117593
0 0.887500 0.608333 0.223958 0.353704
0 0.251823 0.560185 0.165104 0.227778
