0 0.737760 0.479630 0.055729 0.055556
0 0.692708 0.512963 0.021875 0.042593
0 0.673438 0.496296 0.022917 0.031481
0 0.667188 0.516667 0.033333 0.042593
0 0.641146 0.521296 0.028125 0.048148
0 0.801302 0.600926 0.142187 0.174074
0 0.567187 0.588426 0.166667 0.254630
0 0.529167 0.479630 0.058333 0.064815
0 0.468490 0.538889 0.063021 0.101852
0 0.351042 0.445833 0.209375 0.430556
0 0.240365 0.552315 0.026562 0.106481
0 0.201563 0.569907 0.066667 0.152778
0 0.119531 0.584259 0.151562 0.251852
0 0.080469 0.683333 0.160938 0.427778
0 0.695833 0.522222 0.012500 0.048148
0 0.724740 0.537963 0.064062 0.124074
