0 0.190625 0.496296 0.070833 0.053704
0 0.252083 0.596759 0.175000 0.210185
0 0.421094 0.543519 0.057813 0.081481
0 0.450781 0.541204 0.019271 0.052778
0 0.505208 0.567593 0.096875 0.127778
0 0.559896 0.543056 0.020833 0.036111
0 0.589583 0.543981 0.052083 0.071296
0 0.683594 0.503241 0.080729 0.150926
0 0.796354 0.604167 0.179167 0.212037
0 0.905990 0.534259 0.184896 0.229630
0 0.556510 0.512500 0.033854 0.041667
0 0.501823 0.491204 0.034896 0.026852
0 0.523177 0.493056 0.015104 0.023148
0 0.374219 0.508333 0.022396 0.037037
0 0.384635 0.497685 0.018229 0.032407
0 0.410417 0.491204 0.018750 0.025000
0 0.356771 0.506944 0.016667 0.028704
