0 0.061719 0.460648 0.121354 0.126852
0 0.134896 0.508333 0.017708 0.025926
0 0.203385 0.577315 0.160938 0.210185
0 0.293229 0.556019 0.063542 0.099074
0 0.327344 0.536111 0.045312 0.077778
0 0.351562 0.534259 0.017708 0.051852
0 0.362760 0.526852 0.020313 0.038889
0 0.379688 0.520833 0.014583 0.026852
0 0.411719 0.487500 0.033854 0.041667
0 0.411979 0.506944 0.034375 0.041667
0 0.428385 0.556019 0.081771 0.108333
0 0.483854 0.525000 0.043750 0.066667
0 0.517188 0.526852 0.021875 0.046296
0 0.548958 0.513889 0.047917 0.090741
0 0.857292 0.566667 0.182292 0.181481
