0 0.838021 0.578704 0.133333 0.157407
0 0.549740 0.482407 0.027604 0.037037
0 0.515625 0.487500 0.031250 0.047222
0 0.496094 0.462037 0.018229 0.025926
0 0.463542 0.445833 0.013542 0.026852
0 0.461719 0.456944 0.016146 0.021296
0 0.460417 0.495833 0.036458 0.052778
0 0.439063 0.551389 0.086458 0.117593
0 0.387760 0.451389 0.033854 0.065741
0 0.398698 0.500000 0.036979 0.057407
0 0.418229 0.478704 0.026042 0.031481
0 0.425260 0.469444 0.019271 0.031481
0 0.328125 0.537037 0.082292 0.116667
0 0.233854 0.522685 0.078125 0.115741
0 0.104688 0.626852 0.209375 0.244444
0 0.262240 0.473611 0.019271 0.028704
