0 0.035937 0.425000 0.071875 0.101852
0 0.011719 0.464352 0.023438 0.025000
0 0.247396 0.441204 0.057292 0.065741
0 0.280729 0.452778 0.012500 0.040741
0 0.313021 0.454167 0.034375 0.041667
0 0.376823 0.495370 0.089063 0.146296
0 0.430729 0.443056 0.013542 0.028704
0 0.475000 0.467130 0.015625 0.023148
0 0.499219 0.437037 0.036979 0.051852
0 0.487240 0.497222 0.028646 0.070370
0 0.540104 0.494444 0.089583 0.161111
0 0.580208 0.463889 0.043750 0.107407
0 0.732552 0.424074 0.200521 0.385185
0 0.925000 0.506019 0.148958 0.212037
