0 0.171615 0.528704 0.067187 0.107407
0 0.204687 0.471296 0.020833 0.024074
0 0.222135 0.481944 0.025521 0.034259
0 0.198177 0.488889 0.021354 0.031481
0 0.245573 0.509259 0.025521 0.046296
0 0.274479 0.530556 0.059375 0.090741
0 0.335938 0.501389 0.030208 0.037963
0 0.359375 0.527315 0.043750 0.071296
0 0.397917 0.552778 0.085417 0.112963
0 0.471354 0.516204 0.042708 0.050926
0 0.680208 0.407407 0.272917 0.492593
0 0.095833 0.452315 0.020833 0.023148
0 0.106250 0.463889 0.016667 0.024074
0 0.142448 0.466667 0.042188 0.070370
0 0.008594 0.476389 0.017188 0.026852
0 0.259896 0.471296 0.028125 0.025926
0 0.285156 0.490741 0.025521 0.029630
0 0.023177 0.432870 0.019271 0.025000
