1 0.179948 0.380556 0.008854 0.083333
1 0.194010 0.368519 0.014063 0.077778
1 0.281510 0.364815 0.006771 0.057407
1 0.341146 0.344907 0.015625 0.093519
1 0.342708 0.370833 0.019792 0.063889
0 0.733333 0.384259 0.064583 0.083333
0 0.780990 0.388889 0.030729 0.053704
0 0.813021 0.402315 0.062500 0.089815
0 0.849219 0.402315 0.022396 0.056481
0 0.864844 0.405093 0.014063 0.043519
0 0.907292 0.427315 0.051042 0.097222
0 0.992188 0.444907 0.014583 0.049074
0 0.898958 0.374537 0.031250 0.043519
0 0.008854 0.415278 0.017708 0.039815
0 0.026042 0.407407 0.017708 0.024074
0 0.053906 0.399537 0.019271 0.025000
1 0.610677 0.338889 0.009896 0.031481
