0 0.377344 0.473611 0.021354 0.043519
0 0.453906 0.461111 0.016146 0.035185
0 0.310156 0.508796 0.017188 0.026852
0 0.327083 0.510185 0.018750 0.024074
0 0.357292 0.498611 0.016667 0.023148
0 0.127604 0.646759 0.255208 0.313889
0 0.413542 0.566667 0.114583 0.168519
0 0.466146 0.532407 0.020833 0.055556
0 0.477344 0.520833 0.017188 0.028704
0 0.516667 0.552778 0.081250 0.118519
0 0.915885 0.628241 0.166146 0.404630
0 0.671354 0.553704 0.102083 0.140741
0 0.609896 0.541667 0.051042 0.079630
0 0.577865 0.507407 0.048438 0.109259
0 0.550000 0.503704 0.014583 0.085185
0 0.544531 0.473611 0.018229 0.039815
0 0.540365 0.466667 0.018229 0.044444
0 0.537500 0.462037 0.017708 0.038889
