0 0.110677 0.498148 0.053646 0.024074
0 0.284896 0.461111 0.105208 0.101852
0 0.408594 0.497222 0.023438 0.025926
0 0.974740 0.465741 0.049479 0.050000
0 0.933073 0.587037 0.132812 0.196296
0 0.863542 0.516204 0.106250 0.150926
0 0.603385 0.512037 0.029687 0.037037
0 0.621354 0.532407 0.038542 0.055556
0 0.647396 0.540278 0.040625 0.071296
0 0.738281 0.571759 0.185938 0.226852
0 0.623177 0.468056 0.026562 0.034259
0 0.616146 0.478704 0.040625 0.053704
0 0.536979 0.477315 0.040625 0.032407
0 0.551823 0.498611 0.034896 0.058333
0 0.586198 0.487963 0.035937 0.037037
0 0.575781 0.536574 0.055729 0.069444
0 0.492708 0.589815 0.146875 0.207407
