0 0.336458 0.497685 0.028125 0.023148
0 0.032292 0.496759 0.064583 0.030556
0 0.546354 0.494907 0.019792 0.032407
0 0.560417 0.516204 0.025000 0.036111
0 0.579167 0.480556 0.022917 0.035185
0 0.589063 0.527778 0.051042 0.081481
0 0.598437 0.462963 0.025000 0.053704
0 0.651823 0.461111 0.097396 0.148148
0 0.645312 0.554167 0.103125 0.125000
0 0.705990 0.524537 0.015104 0.050926
0 0.733854 0.532870 0.067708 0.095370
0 0.490885 0.596759 0.168229 0.236111
0 0.814063 0.460185 0.084375 0.051852
0 0.947917 0.514352 0.103125 0.112037
0 0.853646 0.621759 0.291667 0.308333
