0 0.030729 0.590741 0.061458 0.231481
0 0.082031 0.537963 0.149479 0.233333
0 0.176563 0.537037 0.078125 0.162963
0 0.225000 0.507407 0.097917 0.131481
0 0.352083 0.430093 0.039583 0.067593
0 0.383073 0.484722 0.088021 0.130556
0 0.514323 0.560648 0.225521 0.360185
0 0.506250 0.331019 0.110417 0.102778
0 0.815104 0.453241 0.368750 0.634259
1 0.630729 0.415278 0.012500 0.056481
0 0.370312 0.399074 0.037500 0.038889
0 0.441146 0.400463 0.020833 0.041667
0 0.110937 0.395370 0.046875 0.055556
0 0.158073 0.405093 0.028646 0.039815
0 0.163281 0.390741 0.035937 0.050000
0 0.226823 0.402778 0.051562 0.031481
0 0.419531 0.452315 0.033854 0.071296
