0 0.035417 0.606019 0.070833 0.219444
0 0.323437 0.575926 0.127083 0.161111
0 0.371354 0.533333 0.055208 0.088889
0 0.467969 0.493056 0.067187 0.113889
0 0.508594 0.527315 0.025521 0.052778
0 0.544792 0.543519 0.072917 0.109259
0 0.583854 0.526852 0.032292 0.050000
0 0.578646 0.488889 0.043750 0.057407
0 0.614323 0.492593 0.031771 0.055556
0 0.615885 0.512963 0.027604 0.044444
0 0.661979 0.484259 0.076042 0.174074
0 0.693750 0.531481 0.072917 0.140741
0 0.762240 0.582870 0.150521 0.186111
0 0.973698 0.443981 0.051562 0.482407
