0 0.408203 0.473611 0.022656 0.036111
0 0.365625 0.506944 0.034375 0.047222
0 0.283203 0.475694 0.067969 0.076389
0 0.217969 0.536806 0.075000 0.118056
0 0.194922 0.565972 0.049219 0.095833
0 0.156641 0.569444 0.057031 0.113889
0 0.107813 0.573611 0.065625 0.133333
0 0.045703 0.579167 0.091406 0.161111
0 0.014063 0.606250 0.028125 0.148611
0 0.453125 0.479861 0.050000 0.084722
0 0.443750 0.535417 0.028125 0.048611
0 0.402344 0.547917 0.082812 0.115278
0 0.310156 0.607639 0.151562 0.193056
0 0.519141 0.503472 0.141406 0.115278
0 0.504297 0.775694 0.286719 0.445833
0 0.597266 0.535417 0.039844 0.093056
0 0.708984 0.583333 0.150781 0.238889
0 0.802344 0.514583 0.048438 0.073611
0 0.910547 0.549306 0.127344 0.176389
0 0.980469 0.875000 0.037500 0.247222
