1 0.934896 0.525000 0.039583 0.062963
1 0.990104 0.547685 0.018750 0.039815
1 0.979167 0.536574 0.038542 0.063889
1 0.964063 0.533333 0.041667 0.072222
1 0.947656 0.530556 0.033854 0.061111
0 0.521094 0.543981 0.023438 0.076852
0 0.608073 0.497222 0.154688 0.340741
0 0.494531 0.532407 0.043229 0.062963
0 0.488542 0.511111 0.036458 0.085185
0 0.351042 0.546296 0.036458 0.059259
0 0.305208 0.551389 0.046875 0.063889
0 0.254688 0.532870 0.046875 0.041667
0 0.240625 0.543981 0.044792 0.037963
0 0.167969 0.508333 0.107813 0.079630
0 0.193750 0.578704 0.079167 0.111111
0 0.116667 0.591204 0.103125 0.132407
0 0.039844 0.579167 0.079687 0.219444
1 0.058594 0.540741 0.010937 0.038889
