0 0.180208 0.456944 0.052083 0.041667
0 0.353646 0.516204 0.093750 0.115741
0 0.430208 0.492593 0.045833 0.057407
0 0.392448 0.456019 0.017188 0.023148
0 0.456250 0.485648 0.022917 0.037963
0 0.460938 0.449074 0.017708 0.035185
0 0.472917 0.481481 0.020833 0.029630
0 0.519010 0.491204 0.042188 0.054630
0 0.508854 0.456019 0.042708 0.099074
0 0.543229 0.479167 0.017708 0.028704
0 0.567969 0.482870 0.034896 0.049074
0 0.588021 0.482870 0.012500 0.032407
0 0.561198 0.450000 0.014063 0.024074
0 0.637760 0.461574 0.051562 0.097222
