0 0.137240 0.495833 0.041146 0.030556
0 0.184635 0.499074 0.071354 0.024074
0 0.278646 0.494907 0.028125 0.028704
0 0.330990 0.495370 0.023438 0.024074
0 0.385677 0.471759 0.021354 0.032407
0 0.396875 0.500926 0.015625 0.027778
0 0.405208 0.514352 0.030208 0.047222
0 0.409115 0.522685 0.020313 0.050926
0 0.430208 0.532407 0.053125 0.070370
0 0.464062 0.517593 0.030208 0.044444
0 0.502083 0.525926 0.043750 0.061111
0 0.527604 0.518519 0.019792 0.042593
0 0.558594 0.539352 0.071354 0.099074
0 0.576823 0.489352 0.073438 0.139815
0 0.634896 0.561574 0.077083 0.126852
0 0.751823 0.585185 0.211979 0.296296
0 0.967708 0.591204 0.063542 0.191667
0 0.485938 0.480556 0.017708 0.035185
