0 0.024219 0.477778 0.032813 0.088889
0 0.028516 0.513194 0.019531 0.087500
0 0.078125 0.468750 0.098437 0.212500
0 0.140234 0.443056 0.036719 0.055556
0 0.155859 0.477083 0.024219 0.040278
0 0.176563 0.477083 0.023438 0.043056
0 0.244922 0.441667 0.057031 0.050000
0 0.207813 0.497917 0.076563 0.081944
0 0.457422 0.729167 0.691406 0.538889
0 0.505859 0.363194 0.150781 0.209722
0 0.627734 0.442361 0.067969 0.062500
0 0.547656 0.479167 0.057813 0.047222
0 0.604297 0.508333 0.102344 0.105556
0 0.632812 0.536111 0.046875 0.127778
0 0.748047 0.577083 0.238281 0.354167
