0 0.497656 0.611574 0.179688 0.249074
0 0.412240 0.538426 0.047396 0.073148
0 0.511979 0.464815 0.045833 0.044444
0 0.584375 0.527315 0.045833 0.063889
0 0.683594 0.540278 0.102604 0.156481
0 0.608594 0.492593 0.049479 0.101852
0 0.546615 0.488889 0.024479 0.046296
0 0.144010 0.481944 0.088021 0.075000
0 0.148698 0.509259 0.036979 0.022222
0 0.192448 0.503241 0.044271 0.030556
0 0.306510 0.495833 0.024479 0.037963
0 0.347656 0.498611 0.028646 0.030556
0 0.396875 0.495370 0.023958 0.029630
0 0.811979 0.518519 0.033333 0.027778
0 0.894010 0.524074 0.045312 0.033333
