0 0.572135 0.506019 0.074479 0.202778
0 0.796094 0.455093 0.406771 0.654630
0 0.532031 0.525463 0.020313 0.037963
0 0.506510 0.479630 0.023438 0.046296
0 0.493750 0.495370 0.020833 0.027778
0 0.476562 0.494907 0.016667 0.021296
0 0.385417 0.481019 0.018750 0.032407
0 0.352865 0.509722 0.044271 0.050926
0 0.367708 0.542130 0.020833 0.058333
0 0.397396 0.544444 0.054167 0.079630
0 0.364583 0.523611 0.033333 0.037963
0 0.276302 0.510648 0.022396 0.025000
0 0.070052 0.564815 0.083854 0.059259
0 0.406250 0.522222 0.050000 0.055556
0 0.452344 0.453704 0.017188 0.020370
