0 0.371615 0.334722 0.019271 0.052778
0 0.396875 0.332407 0.039583 0.079630
0 0.467708 0.328241 0.105208 0.106481
0 0.677604 0.390278 0.015625 0.025000
0 0.710417 0.376852 0.058333 0.059259
0 0.721354 0.398148 0.032292 0.029630
0 0.769531 0.412037 0.072396 0.079630
0 0.813021 0.413426 0.036458 0.041667
0 0.841667 0.424074 0.025000 0.031481
0 0.865885 0.428241 0.025521 0.034259
0 0.888802 0.436574 0.019271 0.028704
1 0.097396 0.371296 0.007292 0.037037
1 0.121354 0.369444 0.006250 0.037037
1 0.127344 0.369907 0.005729 0.036111
1 0.130729 0.367130 0.005208 0.036111
1 0.136719 0.367130 0.004687 0.036111
1 0.141667 0.367130 0.007292 0.036111
1 0.151302 0.368981 0.006771 0.032407
1 0.169271 0.366204 0.008333 0.036111
1 0.174740 0.364352 0.008854 0.037963
1 0.169010 0.365278 0.007812 0.036111
1 0.175260 0.364815 0.007812 0.037037
1 0.181250 0.362963 0.006250 0.038889
1 0.186719 0.362963 0.006771 0.040741
1 0.190885 0.363426 0.004687 0.039815
1 0.200260 0.362037 0.007812 0.040741
1 0.259896 0.348148 0.006250 0.031481
1 0.569271 0.365278 0.006250 0.028704
