0 0.166406 0.601852 0.211979 0.251852
0 0.328646 0.543519 0.107292 0.157407
0 0.264062 0.467130 0.032292 0.049074
0 0.393750 0.535648 0.063542 0.112037
0 0.422135 0.517593 0.030729 0.068519
0 0.376302 0.467130 0.020313 0.025000
0 0.421875 0.507407 0.037500 0.068519
0 0.529948 0.636111 0.218229 0.312963
0 0.629948 0.527315 0.052604 0.086111
0 0.755208 0.404630 0.229167 0.487037
0 0.879167 0.480093 0.240625 0.630556
0 0.428385 0.468981 0.024479 0.026852
0 0.528125 0.463426 0.102083 0.039815
0 0.600000 0.486574 0.039583 0.030556
