1 0.714063 0.473611 0.016667 0.062037
0 0.048958 0.554167 0.085417 0.087963
0 0.148958 0.522222 0.030208 0.046296
0 0.136458 0.498148 0.021875 0.025926
0 0.162760 0.479630 0.032813 0.059259
0 0.183073 0.529630 0.051562 0.064815
0 0.184635 0.485185 0.014063 0.022222
0 0.222656 0.507870 0.023438 0.039815
0 0.217969 0.514352 0.028646 0.036111
0 0.231250 0.490741 0.020833 0.031481
0 0.240104 0.480093 0.013542 0.026852
0 0.252604 0.480093 0.017708 0.025000
0 0.267969 0.478704 0.014063 0.022222
0 0.275260 0.485185 0.017188 0.025926
0 0.279948 0.487963 0.017188 0.025926
0 0.282292 0.495833 0.017708 0.034259
0 0.300521 0.489815 0.030208 0.044444
0 0.354948 0.497222 0.034896 0.050000
0 0.369792 0.485648 0.022917 0.039815
0 0.404167 0.476389 0.052083 0.112037
0 0.441927 0.481944 0.024479 0.049074
0 0.447135 0.485648 0.026562 0.049074
0 0.451823 0.487037 0.025521 0.035185
0 0.454167 0.485185 0.018750 0.025926
0 0.503906 0.470370 0.053646 0.025926
0 0.499219 0.604167 0.179688 0.241667
0 0.253385 0.507870 0.028646 0.036111
