0 0.258854 0.599537 0.144792 0.176852
0 0.070573 0.494907 0.104688 0.067593
0 0.381250 0.527778 0.064583 0.114815
0 0.438281 0.559259 0.048438 0.062963
0 0.451302 0.542130 0.027604 0.054630
0 0.474479 0.535185 0.015625 0.037037
0 0.473438 0.556019 0.017708 0.034259
0 0.508073 0.558333 0.059896 0.087037
0 0.550781 0.557870 0.015104 0.036111
0 0.546875 0.549537 0.018750 0.043519
0 0.536198 0.542593 0.015104 0.044444
0 0.578906 0.523148 0.053646 0.129630
0 0.637760 0.556944 0.078646 0.130556
0 0.811979 0.565278 0.213542 0.350926
0 0.314844 0.523611 0.040104 0.023148
