0 0.017969 0.509028 0.035937 0.159722
0 0.281250 0.792361 0.562500 0.412500
0 0.194141 0.471528 0.030469 0.059722
0 0.210547 0.484722 0.041406 0.052778
0 0.239063 0.481944 0.025000 0.052778
0 0.251172 0.484028 0.021094 0.048611
0 0.264453 0.480556 0.019531 0.061111
0 0.286719 0.475694 0.042188 0.076389
0 0.320703 0.501389 0.099219 0.125000
0 0.407422 0.388889 0.089844 0.125000
0 0.406250 0.513889 0.135937 0.147222
0 0.499219 0.429167 0.054688 0.050000
0 0.479297 0.475694 0.041406 0.048611
0 0.512500 0.506250 0.081250 0.104167
0 0.582422 0.498611 0.066406 0.091667
0 0.654687 0.472917 0.100000 0.076389
0 0.698047 0.528472 0.192969 0.137500
0 0.882422 0.552083 0.233594 0.168056
0 0.111719 0.476389 0.026562 0.036111
