0 0.214844 0.524306 0.042188 0.045833
0 0.246484 0.527083 0.032031 0.040278
0 0.273047 0.493056 0.036719 0.041667
0 0.297656 0.490278 0.053125 0.041667
0 0.117188 0.540278 0.096875 0.136111
0 0.347656 0.493750 0.054688 0.081944
0 0.408984 0.524306 0.094531 0.131944
0 0.473438 0.501389 0.023438 0.061111
0 0.301563 0.611806 0.162500 0.204167
0 0.080469 0.725000 0.160938 0.416667
0 0.535937 0.542361 0.137500 0.206944
0 0.498047 0.780556 0.280469 0.436111
0 0.624219 0.487500 0.062500 0.108333
0 0.916016 0.710417 0.166406 0.543056
