0 0.054167 0.479630 0.072917 0.027778
0 0.268490 0.529167 0.066146 0.108333
0 0.316667 0.560648 0.115625 0.147222
0 0.403385 0.499074 0.030729 0.048148
0 0.413802 0.461574 0.011979 0.028704
0 0.447656 0.477778 0.056771 0.122222
0 0.482552 0.471296 0.023438 0.057407
0 0.507552 0.543519 0.079687 0.118519
0 0.537500 0.483333 0.018750 0.038889
0 0.563802 0.478704 0.038021 0.090741
0 0.607552 0.522222 0.058854 0.103704
0 0.714583 0.575926 0.133333 0.164815
0 0.792448 0.473611 0.143229 0.267593
0 0.967708 0.523148 0.063542 0.316667
