0 0.159115 0.515741 0.281771 0.485185
0 0.372135 0.553704 0.090104 0.131481
0 0.434635 0.502778 0.086979 0.179630
0 0.488281 0.509259 0.033854 0.103704
0 0.531510 0.549537 0.056771 0.076852
0 0.544792 0.514815 0.077083 0.038889
0 0.573958 0.542130 0.020833 0.028704
0 0.611979 0.540741 0.021875 0.031481
0 0.675781 0.534259 0.030729 0.044444
0 0.765885 0.538889 0.055729 0.072222
0 0.316406 0.543056 0.028646 0.039815
0 0.641406 0.535185 0.046354 0.038889
0 0.567448 0.520370 0.022396 0.025926
0 0.014844 0.573148 0.015104 0.050000
0 0.847656 0.520833 0.104688 0.041667
0 0.590885 0.536111 0.016146 0.042593
