0 0.030990 0.699074 0.061979 0.350000
0 0.963281 0.749537 0.072396 0.365741
0 0.028646 0.443981 0.056250 0.149074
0 0.109896 0.472685 0.100000 0.093519
0 0.388542 0.544444 0.059375 0.077778
0 0.277344 0.501389 0.027604 0.028704
0 0.388802 0.491204 0.030729 0.030556
0 0.428125 0.501852 0.019792 0.024074
0 0.438542 0.530556 0.033333 0.046296
0 0.496875 0.552315 0.091667 0.136111
0 0.536979 0.499537 0.025000 0.056481
0 0.547396 0.515741 0.026042 0.055556
0 0.556250 0.530556 0.029167 0.046296
0 0.582552 0.538426 0.046354 0.060185
0 0.737760 0.581481 0.145313 0.175926
0 0.975000 0.520370 0.048958 0.059259
