0 0.400781 0.415972 0.043750 0.101389
0 0.311719 0.502778 0.059375 0.083333
0 0.241797 0.523611 0.083594 0.102778
0 0.153516 0.551389 0.142969 0.169444
0 0.091406 0.604167 0.182812 0.250000
0 0.527734 0.488194 0.053906 0.090278
0 0.438672 0.475694 0.042969 0.054167
0 0.482422 0.529861 0.088281 0.115278
0 0.381641 0.592361 0.166406 0.243056
0 0.726562 0.485417 0.048438 0.079167
0 0.624609 0.435417 0.150781 0.409722
0 0.649219 0.565972 0.140625 0.137500
0 0.705469 0.597222 0.276562 0.133333
0 0.698438 0.825694 0.575000 0.345833
0 0.551562 0.469444 0.018750 0.055556
0 0.365625 0.452778 0.037500 0.033333
