0 0.333333 0.479630 0.151042 0.312963
0 0.228125 0.514352 0.017708 0.037963
0 0.210677 0.512500 0.025521 0.045370
0 0.208854 0.517130 0.016667 0.041667
0 0.195573 0.517130 0.022396 0.043519
0 0.174479 0.520833 0.033333 0.047222
0 0.147917 0.520833 0.019792 0.041667
0 0.125521 0.515741 0.040625 0.062963
0 0.097917 0.521759 0.021875 0.039815
0 0.073438 0.525463 0.033333 0.049074
0 0.060937 0.503704 0.034375 0.090741
0 0.022656 0.503241 0.045312 0.102778
0 0.007292 0.548148 0.014583 0.087037
0 0.492188 0.510185 0.068750 0.040741
1 0.494010 0.506944 0.022396 0.089815
0 0.498698 0.529630 0.028646 0.066667
1 0.548958 0.501852 0.009375 0.044444
1 0.565885 0.507870 0.020313 0.087963
0 0.588281 0.512037 0.028646 0.037037
1 0.586198 0.504167 0.010937 0.052778
0 0.666146 0.466204 0.081250 0.071296
0 0.680990 0.484722 0.047396 0.023148
0 0.975000 0.446759 0.048958 0.075000
1 0.993229 0.456019 0.012500 0.037963
