0 0.129427 0.667593 0.258854 0.525926
0 0.278906 0.582407 0.140104 0.212963
0 0.382031 0.534259 0.109896 0.188889
0 0.439583 0.506481 0.068750 0.153704
0 0.315365 0.468519 0.050521 0.031481
0 0.480990 0.505556 0.023438 0.083333
0 0.510417 0.526852 0.046875 0.064815
0 0.518490 0.464815 0.045312 0.061111
0 0.543229 0.530093 0.031250 0.073148
0 0.559896 0.536111 0.035417 0.083333
0 0.585677 0.542130 0.050521 0.100926
0 0.682552 0.584722 0.201563 0.278704
0 0.922135 0.674537 0.154688 0.445370
0 0.481771 0.457870 0.015625 0.034259
0 0.325781 0.500926 0.025521 0.035185
