0 0.056510 0.427778 0.106771 0.085185
0 0.149740 0.422222 0.106771 0.100000
0 0.315625 0.443056 0.044792 0.052778
0 0.336719 0.516667 0.105729 0.129630
0 0.425260 0.490278 0.049479 0.062037
0 0.451302 0.481944 0.021354 0.039815
0 0.467448 0.477315 0.020313 0.030556
0 0.481771 0.468519 0.012500 0.024074
0 0.507552 0.451389 0.043229 0.100926
0 0.522135 0.486111 0.041146 0.051852
0 0.546615 0.475463 0.017188 0.028704
0 0.567969 0.479167 0.034896 0.049074
0 0.603385 0.460648 0.036979 0.071296
0 0.835938 0.487500 0.116667 0.165741
0 0.371615 0.451389 0.022396 0.025000
