0 0.982812 0.626389 0.026042 0.034259
0 0.851823 0.645370 0.043229 0.055556
0 0.807813 0.638889 0.036458 0.046296
0 0.910677 0.625463 0.027604 0.047222
0 0.811719 0.598611 0.073438 0.115741
0 0.934635 0.606944 0.021354 0.037963
0 0.654167 0.635648 0.077083 0.106481
0 0.678646 0.620370 0.056250 0.098148
0 0.715885 0.600926 0.030729 0.048148
0 0.471875 0.597222 0.042708 0.050000
0 0.366927 0.643519 0.069271 0.068519
0 0.199479 0.641204 0.112500 0.091667
0 0.068750 0.650926 0.052083 0.050000
0 0.252865 0.620370 0.057813 0.059259
