0 0.067187 0.720370 0.134375 0.537037
0 0.228385 0.583796 0.199479 0.273148
0 0.338021 0.562500 0.085417 0.169444
0 0.076042 0.531944 0.058333 0.052778
0 0.324740 0.471296 0.151562 0.140741
0 0.435937 0.536111 0.025000 0.074074
0 0.524479 0.389352 0.127083 0.126852
0 0.645312 0.523611 0.026042 0.050926
0 0.684115 0.509722 0.068229 0.075000
0 0.722656 0.517130 0.044271 0.047222
0 0.758073 0.517130 0.050521 0.049074
1 0.897917 0.506944 0.006250 0.030556
0 0.540365 0.575463 0.207813 0.332407
0 0.370573 0.545833 0.028646 0.121296
0 0.025781 0.472222 0.051562 0.070370
