0 0.046615 0.475926 0.069271 0.059259
0 0.063021 0.551852 0.102083 0.116667
0 0.165104 0.548148 0.109375 0.146296
0 0.249219 0.539815 0.052604 0.090741
0 0.307812 0.568519 0.120833 0.151852
0 0.284115 0.476852 0.031771 0.037037
0 0.345573 0.511574 0.039062 0.050926
0 0.384115 0.512037 0.032813 0.042593
0 0.390625 0.496759 0.019792 0.039815
0 0.431510 0.477778 0.061979 0.146296
0 0.475260 0.476389 0.013021 0.054630
0 0.504948 0.543519 0.080729 0.105556
0 0.502865 0.479167 0.031771 0.026852
0 0.494792 0.473148 0.022917 0.040741
0 0.559375 0.506019 0.036458 0.056481
0 0.231250 0.512500 0.017708 0.036111
