0 0.032552 0.455093 0.065104 0.075000
0 0.168750 0.514352 0.071875 0.093519
0 0.213542 0.456944 0.051042 0.050926
0 0.326562 0.463889 0.086458 0.150000
0 0.354687 0.524074 0.086458 0.129630
0 0.468490 0.547222 0.145313 0.225926
0 0.426563 0.456019 0.040625 0.067593
0 0.486719 0.425463 0.034896 0.023148
0 0.529948 0.472222 0.015104 0.031481
0 0.560156 0.483333 0.021354 0.022222
0 0.960938 0.490278 0.077083 0.058333
0 0.898438 0.488426 0.079167 0.056481
0 0.737500 0.488889 0.029167 0.025926
0 0.798438 0.492593 0.040625 0.027778
0 0.392708 0.485648 0.018750 0.045370
