0 0.292969 0.490741 0.047396 0.042593
0 0.420052 0.490741 0.018229 0.031481
0 0.455208 0.471759 0.031250 0.023148
0 0.486979 0.603241 0.178125 0.250926
0 0.536458 0.484722 0.022917 0.023148
0 0.554167 0.510648 0.023958 0.036111
0 0.576042 0.530556 0.053125 0.066667
0 0.576823 0.482407 0.025521 0.033333
0 0.618229 0.493981 0.065625 0.108333
0 0.666406 0.547685 0.118229 0.154630
0 0.698698 0.444444 0.093229 0.077778
0 0.735938 0.531019 0.048958 0.097222
0 0.833073 0.537963 0.058854 0.079630
0 0.889583 0.671296 0.219792 0.433333
