0 0.025521 0.480556 0.051042 0.042593
0 0.148438 0.449537 0.089583 0.100926
0 0.416927 0.448148 0.016146 0.035185
0 0.421875 0.450463 0.015625 0.030556
0 0.487760 0.454167 0.018229 0.026852
0 0.515365 0.454167 0.018229 0.023148
0 0.536979 0.441667 0.014583 0.050000
0 0.558594 0.451852 0.033854 0.068519
0 0.580469 0.435648 0.018229 0.026852
0 0.594792 0.460648 0.025000 0.047222
0 0.578125 0.488889 0.033333 0.042593
0 0.619531 0.468056 0.026562 0.065741
0 0.481771 0.463426 0.021875 0.028704
0 0.519792 0.481481 0.032292 0.050000
0 0.460677 0.494444 0.034896 0.051852
0 0.418750 0.513426 0.064583 0.095370
0 0.339323 0.477315 0.030729 0.023148
