1 0.028906 0.435185 0.006771 0.044444
1 0.151562 0.397222 0.006250 0.031481
1 0.216927 0.395833 0.009896 0.065741
1 0.263021 0.389815 0.007292 0.057407
1 0.277604 0.386111 0.013542 0.064815
1 0.291927 0.383796 0.008854 0.056481
1 0.287500 0.381944 0.006250 0.058333
0 0.294271 0.377778 0.028125 0.024074
1 0.258333 0.391204 0.007292 0.058333
0 0.234375 0.376852 0.045833 0.051852
1 0.343490 0.382407 0.014063 0.079630
1 0.351042 0.380556 0.012500 0.077778
1 0.363021 0.380556 0.013542 0.079630
0 0.382552 0.373611 0.017188 0.030556
0 0.707031 0.410648 0.159896 0.113889
0 0.613281 0.392130 0.129688 0.102778
0 0.543229 0.393056 0.092708 0.076852
1 0.429167 0.363426 0.005208 0.025000
0 0.990365 0.465278 0.018229 0.036111
