0 0.105208 0.601389 0.210417 0.332407
0 0.059635 0.387963 0.119271 0.116667
0 0.116667 0.426852 0.090625 0.085185
0 0.197135 0.425463 0.082812 0.082407
0 0.365365 0.437500 0.031771 0.050926
0 0.397396 0.481019 0.068750 0.108333
0 0.495052 0.490741 0.056771 0.074074
0 0.497135 0.429630 0.038021 0.064815
0 0.542969 0.431019 0.016146 0.041667
0 0.430469 0.431481 0.014063 0.024074
0 0.578125 0.450926 0.052083 0.105556
0 0.601042 0.485185 0.078125 0.135185
0 0.754427 0.440278 0.139063 0.225000
0 0.889583 0.436111 0.219792 0.868519
