0 0.027604 0.512963 0.055208 0.040741
0 0.067187 0.512500 0.053125 0.034259
0 0.123958 0.531481 0.071875 0.066667
0 0.165104 0.527315 0.028125 0.041667
0 0.290104 0.515741 0.026042 0.035185
0 0.353125 0.517593 0.014583 0.057407
0 0.471875 0.482870 0.235417 0.408333
0 0.667188 0.520833 0.061458 0.084259
0 0.624740 0.504167 0.020313 0.030556
0 0.597396 0.505556 0.017708 0.029630
0 0.325260 0.511574 0.016146 0.030556
1 0.215104 0.512963 0.009375 0.038889
0 0.212240 0.528241 0.015104 0.028704
0 0.228385 0.522685 0.023438 0.034259
0 0.678125 0.485648 0.067708 0.034259
0 0.627083 0.504630 0.035417 0.027778
0 0.718229 0.486574 0.021875 0.034259
