0 0.041146 0.544907 0.082292 0.189815
0 0.193750 0.509722 0.047917 0.102778
0 0.198437 0.464352 0.041667 0.034259
0 0.279687 0.512963 0.146875 0.198148
0 0.354167 0.492593 0.073958 0.155556
0 0.399479 0.496296 0.037500 0.087037
0 0.415625 0.490741 0.029167 0.072222
0 0.426302 0.480556 0.019271 0.050000
0 0.413542 0.442593 0.027083 0.025926
0 0.503906 0.495370 0.152604 0.259259
0 0.595833 0.456481 0.027083 0.057407
0 0.625000 0.469444 0.031250 0.046296
0 0.658333 0.472222 0.047917 0.064815
0 0.856771 0.499074 0.285417 0.998148
