0 0.211198 0.492130 0.066146 0.060185
0 0.305208 0.506019 0.030208 0.028704
0 0.404948 0.532407 0.080729 0.151852
0 0.508594 0.533333 0.033854 0.051852
0 0.544010 0.528704 0.013021 0.038889
0 0.564063 0.516667 0.033333 0.079630
0 0.593490 0.542130 0.047396 0.060185
0 0.643229 0.495833 0.063542 0.132407
0 0.691927 0.551389 0.129688 0.200926
0 0.776823 0.462963 0.194271 0.296296
0 0.724740 0.385648 0.023438 0.078704
0 0.755469 0.380093 0.054688 0.125000
0 0.804948 0.377778 0.100521 0.125926
0 0.805208 0.527315 0.087500 0.119444
