0 0.012500 0.783796 0.025000 0.271296
0 0.938542 0.499074 0.121875 0.348148
0 0.140885 0.503241 0.051562 0.026852
0 0.169531 0.475926 0.079687 0.079630
0 0.274479 0.493519 0.057292 0.042593
0 0.241146 0.478704 0.054167 0.051852
0 0.382031 0.478241 0.024479 0.052778
0 0.741146 0.518056 0.103125 0.141667
0 0.619271 0.543981 0.075000 0.095370
0 0.618490 0.472685 0.041146 0.045370
0 0.564583 0.493519 0.061458 0.111111
0 0.498437 0.506481 0.029167 0.042593
0 0.504427 0.466204 0.013021 0.030556
0 0.531250 0.481944 0.016667 0.069444
0 0.469010 0.496296 0.019271 0.025926
0 0.445312 0.519907 0.028125 0.043519
0 0.414062 0.531944 0.055208 0.078704
0 0.404948 0.467130 0.016146 0.023148
