0 0.282813 0.428472 0.059375 0.034722
0 0.220312 0.429167 0.053125 0.041667
0 0.266797 0.442361 0.044531 0.037500
0 0.238281 0.445139 0.023438 0.034722
0 0.152734 0.455556 0.046094 0.052778
0 0.039453 0.483333 0.075781 0.063889
0 0.103125 0.529861 0.100000 0.098611
0 0.028906 0.536111 0.057813 0.105556
0 0.183594 0.522917 0.051562 0.093056
0 0.234375 0.515972 0.125000 0.109722
0 0.390234 0.768750 0.780469 0.459722
0 0.480078 0.647917 0.435156 0.404167
0 0.534766 0.422917 0.044531 0.056944
0 0.700000 0.554167 0.134375 0.205556
0 0.645312 0.491667 0.039062 0.083333
0 0.637891 0.475000 0.055469 0.061111
0 0.645312 0.415972 0.031250 0.037500
0 0.754297 0.493056 0.049219 0.088889
0 0.784375 0.431250 0.023438 0.043056
1 0.985156 0.450000 0.010937 0.058333
1 0.979297 0.452778 0.008594 0.050000
1 0.971094 0.456250 0.010937 0.065278
