0 0.342187 0.387037 0.439583 0.292593
1 0.589063 0.339815 0.027083 0.114815
1 0.757552 0.368056 0.036979 0.058333
1 0.734896 0.359259 0.033333 0.061111
1 0.690104 0.350926 0.026042 0.053704
1 0.719271 0.365741 0.020833 0.027778
1 0.775521 0.371759 0.029167 0.056481
1 0.789323 0.375926 0.024479 0.055556
1 0.805990 0.381481 0.030729 0.061111
1 0.829948 0.387963 0.027604 0.061111
1 0.851042 0.399537 0.037500 0.062037
1 0.895833 0.417593 0.036458 0.062963
0 0.961198 0.453704 0.076563 0.137037
1 0.640885 0.346296 0.020313 0.055556
