0 0.065365 0.500463 0.045312 0.026852
0 0.299479 0.474074 0.059375 0.064815
0 0.350000 0.478704 0.020833 0.027778
0 0.370573 0.538426 0.064062 0.084259
0 0.430990 0.514815 0.033854 0.046296
0 0.495833 0.530093 0.062500 0.089815
0 0.583333 0.506019 0.061458 0.113889
0 0.418750 0.476389 0.020833 0.028704
0 0.451562 0.481481 0.017708 0.035185
0 0.495312 0.465741 0.028125 0.038889
0 0.516146 0.473148 0.014583 0.027778
0 0.520312 0.484259 0.013542 0.024074
0 0.521615 0.496759 0.013021 0.023148
0 0.529948 0.500000 0.020313 0.025926
0 0.545312 0.509722 0.020833 0.037963
0 0.550260 0.514352 0.018229 0.047222
0 0.468490 0.493981 0.018229 0.023148
0 0.453906 0.500463 0.020313 0.025000
