0 0.129427 0.601852 0.209896 0.281481
0 0.217188 0.478704 0.053125 0.061111
0 0.272135 0.575000 0.123438 0.170370
0 0.340625 0.540278 0.058333 0.080556
0 0.356510 0.527315 0.048438 0.073148
0 0.378646 0.525463 0.015625 0.050926
0 0.297396 0.479167 0.017708 0.023148
0 0.320573 0.485185 0.021354 0.027778
0 0.379948 0.486111 0.026562 0.027778
0 0.492188 0.673611 0.273958 0.400926
0 0.636458 0.538426 0.097917 0.137963
0 0.752604 0.589352 0.167708 0.199074
0 0.942187 0.468519 0.114583 0.937037
0 0.484375 0.460648 0.116667 0.032407
