0 0.296094 0.289583 0.021875 0.043056
0 0.278516 0.357639 0.030469 0.040278
0 0.147266 0.429861 0.019531 0.056944
0 0.065234 0.472917 0.027344 0.040278
0 0.346094 0.335417 0.021875 0.037500
0 0.372266 0.334722 0.022656 0.044444
0 0.355469 0.362500 0.026562 0.038889
0 0.378516 0.377778 0.028906 0.044444
0 0.355469 0.406944 0.029687 0.038889
0 0.334766 0.390972 0.024219 0.034722
0 0.319141 0.407639 0.025781 0.040278
0 0.340234 0.430556 0.035156 0.044444
0 0.285156 0.443056 0.029687 0.041667
0 0.267578 0.460417 0.019531 0.040278
0 0.232031 0.463194 0.056250 0.076389
0 0.187891 0.488889 0.039844 0.055556
0 0.191406 0.509722 0.032813 0.063889
0 0.103516 0.505556 0.067969 0.094444
0 0.225391 0.536111 0.060156 0.088889
0 0.052344 0.508333 0.042188 0.038889
0 0.089063 0.545139 0.056250 0.070833
0 0.030859 0.513889 0.061719 0.036111
0 0.066406 0.631944 0.132812 0.208333
0 0.342578 0.477083 0.035156 0.062500
0 0.323437 0.483333 0.045312 0.061111
0 0.289844 0.534722 0.076563 0.122222
0 0.441016 0.352083 0.024219 0.045833
0 0.431250 0.380556 0.031250 0.044444
0 0.405078 0.435417 0.058594 0.126389
0 0.379297 0.496528 0.049219 0.059722
0 0.321094 0.597222 0.131250 0.172222
0 0.478125 0.368056 0.028125 0.047222
0 0.465234 0.439583 0.039844 0.034722
0 0.457422 0.479167 0.035156 0.058333
0 0.516797 0.286806 0.022656 0.045833
0 0.519141 0.368750 0.028906 0.045833
0 0.516406 0.402778 0.029687 0.044444
0 0.522266 0.445139 0.036719 0.037500
0 0.533984 0.485417 0.019531 0.068056
0 0.499219 0.479167 0.068750 0.058333
0 0.500000 0.562500 0.103125 0.136111
0 0.796484 0.546528 0.247656 0.156944
