1 0.988802 0.468981 0.021354 0.180556
1 0.985417 0.381019 0.009375 0.023148
1 0.967448 0.478241 0.064062 0.230556
1 0.932292 0.416204 0.010417 0.032407
1 0.011198 0.526389 0.015104 0.052778
1 0.029427 0.524537 0.019271 0.052778
1 0.032292 0.504630 0.007292 0.031481
0 0.818490 0.584722 0.323437 0.447222
0 0.655208 0.475926 0.067708 0.077778
0 0.511458 0.540278 0.186458 0.213889
0 0.386458 0.496759 0.093750 0.100926
0 0.323177 0.495370 0.053646 0.064815
0 0.296354 0.499537 0.030208 0.058333
0 0.189844 0.491667 0.118229 0.114815
