0 0.738542 0.539352 0.017708 0.052778
0 0.724740 0.525926 0.023438 0.044444
0 0.705469 0.516204 0.029687 0.049074
0 0.688802 0.521759 0.030729 0.043519
0 0.656510 0.511111 0.040104 0.077778
0 0.640365 0.531019 0.032813 0.045370
0 0.621615 0.562500 0.035937 0.126852
0 0.799219 0.556944 0.126562 0.202778
0 0.467448 0.452778 0.100521 0.075926
0 0.516146 0.604630 0.225000 0.340741
0 0.407813 0.552315 0.042708 0.121296
0 0.362760 0.531481 0.064062 0.118519
0 0.243750 0.541204 0.088542 0.113889
0 0.097917 0.487037 0.050000 0.025926
0 0.018229 0.610185 0.036458 0.155556
0 0.283594 0.590741 0.166146 0.187037
0 0.858073 0.507407 0.019271 0.024074
