0 0.023958 0.524074 0.025000 0.027778
0 0.172917 0.559722 0.076042 0.123148
0 0.306510 0.562500 0.069271 0.102778
0 0.266146 0.542130 0.034375 0.049074
0 0.216667 0.529630 0.023958 0.035185
0 0.235417 0.521296 0.022917 0.037037
0 0.253385 0.512963 0.024479 0.037037
0 0.358073 0.535648 0.033854 0.041667
0 0.391146 0.558796 0.051042 0.075000
0 0.447135 0.589815 0.103646 0.135185
0 0.502083 0.546759 0.037500 0.054630
0 0.634896 0.459722 0.201042 0.367593
0 0.158594 0.487963 0.042188 0.035185
0 0.036719 0.473611 0.018229 0.025000
