0 0.026562 0.465278 0.053125 0.069444
0 0.188281 0.477315 0.059896 0.047222
0 0.539583 0.509259 0.014583 0.025926
0 0.553125 0.522222 0.018750 0.029630
0 0.560937 0.509259 0.020833 0.051852
0 0.400260 0.528241 0.021354 0.037963
0 0.355208 0.535185 0.047917 0.061111
0 0.031771 0.578241 0.063542 0.175000
0 0.143229 0.621296 0.244792 0.285185
0 0.298958 0.534259 0.072917 0.103704
0 0.439323 0.499537 0.056771 0.123148
0 0.482292 0.575000 0.134375 0.207407
0 0.602604 0.492593 0.073958 0.161111
0 0.724740 0.486574 0.096354 0.197222
0 0.901563 0.616667 0.195833 0.355556
