0 0.264583 0.481944 0.070833 0.071296
0 0.363802 0.498148 0.040104 0.037037
0 0.410156 0.500000 0.026562 0.031481
0 0.516146 0.533333 0.045833 0.068519
0 0.540365 0.526389 0.025521 0.056481
0 0.555208 0.525463 0.013542 0.030556
0 0.561719 0.521296 0.017188 0.031481
0 0.596615 0.498611 0.031771 0.045370
0 0.592708 0.534259 0.029167 0.057407
0 0.626042 0.547685 0.068750 0.089815
0 0.622917 0.492130 0.021875 0.023148
0 0.650521 0.495370 0.023958 0.035185
0 0.658333 0.520833 0.014583 0.025000
0 0.716146 0.489352 0.101042 0.176852
0 0.798698 0.527778 0.035937 0.050000
0 0.431771 0.505556 0.019792 0.024074
