0 0.140234 0.440278 0.036719 0.050000
0 0.020703 0.464583 0.041406 0.065278
0 0.078125 0.469444 0.098437 0.213889
0 0.071875 0.652083 0.143750 0.323611
0 0.150000 0.477083 0.023438 0.040278
0 0.170703 0.477778 0.025781 0.044444
0 0.195312 0.465972 0.034375 0.034722
0 0.244531 0.445139 0.057813 0.054167
0 0.247266 0.498611 0.061719 0.102778
0 0.220703 0.513194 0.088281 0.115278
0 0.289453 0.481250 0.032031 0.054167
0 0.319922 0.483333 0.044531 0.086111
0 0.339453 0.475000 0.022656 0.066667
0 0.377344 0.495833 0.093750 0.116667
0 0.421875 0.595833 0.198437 0.297222
0 0.507031 0.397222 0.150000 0.275000
0 0.541797 0.521528 0.067969 0.131944
0 0.589063 0.540972 0.107813 0.170833
0 0.617969 0.436806 0.070312 0.048611
0 0.621875 0.566667 0.040625 0.188889
0 0.725781 0.563889 0.218750 0.327778
