0 0.118490 0.499537 0.081771 0.063889
0 0.196354 0.510648 0.047917 0.039815
0 0.282292 0.514815 0.018750 0.025926
0 0.379427 0.461111 0.018229 0.038889
0 0.343490 0.550926 0.044271 0.057407
0 0.438542 0.504167 0.013542 0.087963
0 0.846094 0.505093 0.046354 0.050926
0 0.840365 0.523148 0.064062 0.087037
0 0.809896 0.505093 0.071875 0.112037
0 0.762760 0.517130 0.027604 0.058333
0 0.728646 0.504167 0.038542 0.036111
0 0.686979 0.489352 0.026042 0.056481
0 0.506771 0.578704 0.161458 0.307407
0 0.622396 0.484259 0.106250 0.235185
