0 0.008333 0.819907 0.016667 0.271296
0 0.036458 0.494444 0.072917 0.168519
0 0.047396 0.542593 0.073958 0.100000
0 0.152083 0.599074 0.189583 0.272222
0 0.234635 0.567130 0.041146 0.163889
0 0.256250 0.547685 0.037500 0.086111
0 0.394792 0.479630 0.190625 0.311111
0 0.511979 0.590278 0.207292 0.319444
0 0.627344 0.533333 0.049479 0.064815
0 0.680469 0.515741 0.080729 0.088889
0 0.703125 0.526852 0.038542 0.059259
0 0.729948 0.522685 0.033854 0.050926
1 0.800521 0.505556 0.009375 0.042593
1 0.896354 0.512037 0.007292 0.035185
