0 0.050781 0.631481 0.101562 0.375926
0 0.263542 0.513889 0.146875 0.200000
0 0.341927 0.479167 0.065104 0.117593
0 0.394271 0.433333 0.047917 0.085185
0 0.452083 0.475463 0.061458 0.132407
0 0.501823 0.500000 0.105729 0.166667
0 0.596354 0.500926 0.079167 0.103704
0 0.307812 0.401389 0.032292 0.041667
0 0.287500 0.402778 0.015625 0.024074
0 0.232813 0.399074 0.034375 0.033333
0 0.207813 0.412500 0.021875 0.052778
0 0.177083 0.403241 0.027083 0.034259
0 0.102344 0.408796 0.024479 0.062037
0 0.072396 0.413889 0.013542 0.020370
0 0.055990 0.417130 0.014063 0.021296
