0 0.083073 0.449537 0.166146 0.141667
0 0.240104 0.488426 0.048958 0.047222
0 0.407292 0.535185 0.052083 0.068519
0 0.443229 0.525000 0.033333 0.046296
0 0.512760 0.537037 0.075521 0.109259
0 0.614323 0.508796 0.073438 0.134259
0 0.573438 0.527778 0.023958 0.059259
0 0.551042 0.515741 0.022917 0.031481
0 0.307292 0.498148 0.033333 0.027778
0 0.355990 0.492593 0.028646 0.037037
0 0.376563 0.493981 0.013542 0.025000
0 0.465365 0.500926 0.014063 0.027778
0 0.562240 0.524537 0.017188 0.047222
0 0.467969 0.515741 0.018229 0.025926
