0 0.287240 0.480556 0.072396 0.066667
0 0.350521 0.493981 0.043750 0.039815
0 0.231250 0.499074 0.047917 0.033333
0 0.424479 0.493056 0.030208 0.037963
0 0.498698 0.556481 0.098437 0.146296
0 0.543229 0.522685 0.015625 0.039815
0 0.562500 0.500926 0.016667 0.044444
0 0.574740 0.517593 0.015104 0.025926
0 0.589323 0.517593 0.017188 0.040741
0 0.604427 0.528241 0.018229 0.041667
0 0.619010 0.531019 0.027604 0.047222
0 0.645312 0.535648 0.045833 0.058333
0 0.699740 0.542130 0.059896 0.073148
0 0.822917 0.544907 0.118750 0.162037
