0 0.092188 0.610648 0.184375 0.352778
0 0.149740 0.490741 0.054688 0.083333
0 0.209375 0.431481 0.015625 0.037037
0 0.236198 0.421759 0.045312 0.054630
0 0.295573 0.424537 0.014063 0.023148
0 0.307812 0.481481 0.053125 0.064815
0 0.367188 0.483796 0.066667 0.097222
0 0.375521 0.426852 0.032292 0.033333
0 0.408073 0.469907 0.031771 0.049074
0 0.423438 0.459259 0.023958 0.040741
0 0.437500 0.450463 0.016667 0.028704
0 0.442969 0.434722 0.017188 0.025000
0 0.462500 0.414815 0.016667 0.029630
0 0.470573 0.409722 0.013021 0.032407
0 0.471094 0.443981 0.049479 0.028704
0 0.479427 0.510648 0.097396 0.128704
