0 0.284375 0.497685 0.029167 0.028704
0 0.047135 0.481019 0.094271 0.069444
0 0.525000 0.487037 0.016667 0.022222
0 0.544271 0.491204 0.016667 0.023148
0 0.546094 0.524074 0.031771 0.044444
0 0.568490 0.487037 0.038021 0.055556
0 0.583594 0.540278 0.064062 0.084259
0 0.614844 0.520370 0.027604 0.048148
0 0.630990 0.531481 0.030729 0.059259
0 0.664323 0.531481 0.055729 0.081481
0 0.757812 0.437037 0.172917 0.150000
0 0.484375 0.582407 0.130208 0.185185
0 0.761458 0.586574 0.197917 0.252778
0 0.956250 0.568981 0.057292 0.121296
0 0.988021 0.493056 0.022917 0.343519
