0 0.520312 0.478704 0.020833 0.048148
0 0.489063 0.489815 0.017708 0.025926
0 0.432031 0.494444 0.017188 0.024074
0 0.406510 0.488889 0.015104 0.020370
0 0.415625 0.506481 0.022917 0.037037
0 0.400260 0.520833 0.026562 0.045370
0 0.379688 0.481019 0.023958 0.036111
0 0.391927 0.528704 0.023438 0.046296
0 0.351823 0.476389 0.025521 0.025000
0 0.330208 0.553704 0.103125 0.172222
0 0.203906 0.527778 0.026562 0.075926
0 0.268229 0.583333 0.148958 0.205556
0 0.087760 0.511111 0.063021 0.029630
0 0.534896 0.513426 0.027083 0.039815
0 0.591927 0.512500 0.099479 0.186111
0 0.810937 0.459722 0.377083 0.634259
0 0.466146 0.456019 0.019792 0.023148
0 0.442708 0.455093 0.016667 0.021296
