0 0.226042 0.339352 0.056250 0.043519
0 0.224219 0.310185 0.035937 0.025926
0 0.375781 0.301389 0.019271 0.028704
0 0.685677 0.372222 0.094271 0.059259
0 0.729427 0.396759 0.063021 0.056481
0 0.765885 0.400926 0.082812 0.077778
0 0.816146 0.424537 0.130208 0.117593
0 0.841927 0.375000 0.154688 0.112963
0 0.900521 0.442593 0.039583 0.053704
0 0.947135 0.469907 0.065104 0.078704
0 0.987760 0.478704 0.022396 0.053704
0 0.992448 0.493056 0.014063 0.037963
1 0.360156 0.332407 0.006771 0.038889
1 0.367708 0.334259 0.009375 0.042593
1 0.490625 0.340278 0.008333 0.043519
1 0.585156 0.343056 0.006771 0.032407
1 0.576042 0.344907 0.008333 0.034259
