0 0.094531 0.616204 0.189062 0.271296
0 0.229427 0.577778 0.111979 0.257407
0 0.309896 0.613889 0.063542 0.098148
0 0.340365 0.610185 0.023438 0.085185
0 0.339583 0.559259 0.039583 0.031481
0 0.391146 0.601389 0.078125 0.163889
0 0.445312 0.601389 0.048958 0.084259
0 0.442188 0.556019 0.042708 0.060185
0 0.469531 0.585185 0.015104 0.040741
0 0.480990 0.593519 0.021354 0.050000
0 0.530990 0.614815 0.107813 0.170370
0 0.520312 0.520833 0.061458 0.067593
0 0.601823 0.564352 0.081771 0.163889
0 0.664583 0.480093 0.036458 0.132407
