0 0.270833 0.550000 0.068750 0.081481
0 0.335417 0.493981 0.016667 0.026852
0 0.396875 0.521296 0.028125 0.033333
0 0.415625 0.513426 0.020833 0.034259
0 0.439323 0.518056 0.029687 0.045370
0 0.455208 0.511574 0.012500 0.028704
0 0.464844 0.506944 0.014063 0.025000
0 0.470833 0.498611 0.013542 0.032407
0 0.489323 0.515741 0.023438 0.029630
0 0.515104 0.492593 0.019792 0.044444
0 0.520312 0.501389 0.015625 0.034259
0 0.576042 0.472685 0.096875 0.213889
0 0.602344 0.556944 0.061979 0.115741
0 0.665104 0.562500 0.109375 0.150926
0 0.815365 0.616204 0.222396 0.254630
0 0.040104 0.598611 0.080208 0.202778
0 0.579948 0.545370 0.027604 0.090741
