0 0.272396 0.449537 0.043750 0.076852
0 0.297135 0.457407 0.038021 0.072222
0 0.324479 0.448148 0.018750 0.031481
0 0.377604 0.534722 0.066667 0.087963
0 0.425521 0.503241 0.042708 0.060185
0 0.502083 0.533333 0.075000 0.111111
0 0.541406 0.487963 0.027604 0.035185
0 0.514062 0.426389 0.017708 0.039815
0 0.531510 0.431019 0.019271 0.050926
0 0.559896 0.427315 0.018750 0.034259
0 0.551302 0.414815 0.017188 0.044444
0 0.562240 0.454630 0.016146 0.040741
0 0.582552 0.481481 0.024479 0.037037
0 0.603385 0.495370 0.029687 0.038889
0 0.616146 0.454630 0.038542 0.083333
0 0.820052 0.455093 0.186979 0.313889
0 0.984115 0.542593 0.030729 0.135185
0 0.669531 0.503704 0.043229 0.046296
0 0.352083 0.482870 0.022917 0.030556
0 0.355469 0.463426 0.018229 0.023148
0 0.460677 0.478241 0.022396 0.037963
