0 0.855859 0.421528 0.127344 0.237500
0 0.531250 0.431944 0.037500 0.080556
0 0.340625 0.490278 0.212500 0.380556
0 0.064062 0.523611 0.040625 0.055556
0 0.024609 0.600000 0.049219 0.797222
0 0.147266 0.676389 0.210156 0.322222
0 0.226562 0.545139 0.064062 0.151389
0 0.118750 0.508333 0.087500 0.038889
0 0.466016 0.543056 0.049219 0.138889
0 0.517188 0.466667 0.032813 0.044444
0 0.630469 0.452778 0.037500 0.055556
0 0.601953 0.494444 0.066406 0.088889
0 0.764453 0.518056 0.117969 0.172222
0 0.921484 0.511111 0.102344 0.141667
0 0.708594 0.485417 0.045312 0.106944
0 0.689453 0.454861 0.036719 0.070833
0 0.651953 0.437500 0.022656 0.038889
0 0.454297 0.415278 0.019531 0.119444
1 0.663281 0.433333 0.010937 0.036111
0 0.580469 0.413889 0.018750 0.033333
