0 0.096094 0.575926 0.134896 0.153704
0 0.136719 0.483796 0.055729 0.050926
0 0.317969 0.451389 0.181771 0.373148
0 0.419792 0.472222 0.051042 0.207407
0 0.453125 0.516667 0.025000 0.031481
0 0.500260 0.540741 0.071354 0.092593
0 0.466406 0.501852 0.019271 0.051852
0 0.636719 0.511574 0.031771 0.045370
0 0.618490 0.512963 0.014063 0.038889
0 0.211458 0.495833 0.028125 0.025000
0 0.604427 0.515278 0.018229 0.032407
0 0.587760 0.513889 0.015104 0.025926
0 0.012500 0.493981 0.025000 0.034259
0 0.489583 0.493056 0.031250 0.025000
