0 0.009896 0.499537 0.019792 0.058333
0 0.170573 0.518056 0.022396 0.023148
0 0.420573 0.540741 0.027604 0.035185
0 0.471875 0.555556 0.056250 0.074074
0 0.516927 0.545370 0.031771 0.042593
0 0.586198 0.532870 0.026562 0.056481
0 0.606771 0.539815 0.014583 0.031481
0 0.615885 0.543056 0.017188 0.032407
0 0.643229 0.553704 0.056250 0.070370
0 0.683594 0.544444 0.035937 0.050000
0 0.709896 0.545370 0.016667 0.035185
0 0.767448 0.503241 0.100521 0.171296
0 0.825260 0.537500 0.014063 0.037963
0 0.893750 0.545370 0.055208 0.085185
0 0.944792 0.557407 0.109375 0.138889
0 0.984375 0.605556 0.030208 0.137037
