0 0.192188 0.492130 0.061458 0.052778
0 0.293750 0.502778 0.017708 0.031481
0 0.356250 0.503241 0.021875 0.028704
0 0.388281 0.496759 0.032813 0.036111
0 0.400781 0.543519 0.055729 0.072222
0 0.441927 0.532870 0.035937 0.047222
0 0.467187 0.509722 0.015625 0.032407
0 0.470052 0.525000 0.019271 0.025926
0 0.480469 0.519444 0.014063 0.022222
0 0.508854 0.481944 0.026042 0.023148
0 0.511719 0.542593 0.068229 0.100000
0 0.611979 0.519444 0.067708 0.122222
0 0.571354 0.533333 0.029167 0.051852
0 0.557031 0.531481 0.015104 0.042593
0 0.548698 0.526389 0.018229 0.028704
0 0.538542 0.509722 0.011458 0.023148
