1 0.722396 0.432407 0.009375 0.031481
1 0.648177 0.456019 0.018229 0.086111
1 0.632031 0.448148 0.006771 0.048148
0 0.630469 0.422685 0.060937 0.043519
0 0.514844 0.500000 0.122396 0.175926
0 0.443490 0.422685 0.086979 0.199074
0 0.380729 0.468519 0.028125 0.037037
0 0.347656 0.464815 0.023438 0.031481
0 0.317969 0.465278 0.018229 0.028704
0 0.269792 0.441667 0.087500 0.155556
0 0.232813 0.495370 0.080208 0.101852
0 0.187760 0.479167 0.026562 0.034259
0 0.126562 0.517593 0.128125 0.153704
0 0.061719 0.495370 0.034896 0.064815
0 0.037240 0.475926 0.065104 0.103704
