0 0.126042 0.464352 0.252083 0.367593
0 0.367969 0.564815 0.115104 0.168519
0 0.724479 0.670833 0.547917 0.425000
0 0.917448 0.428704 0.068229 0.057407
0 0.537760 0.529167 0.033854 0.049074
0 0.463021 0.548148 0.048958 0.070370
0 0.436719 0.498611 0.020313 0.028704
0 0.465625 0.499537 0.018750 0.025000
0 0.463281 0.492593 0.017188 0.029630
0 0.489323 0.492593 0.014063 0.029630
0 0.492188 0.495370 0.015625 0.027778
0 0.496354 0.500000 0.019792 0.024074
0 0.271354 0.507407 0.018750 0.029630
0 0.337500 0.491667 0.028125 0.035185
0 0.321354 0.495370 0.011458 0.031481
