0 0.140885 0.577778 0.100521 0.137037
0 0.243229 0.593519 0.137500 0.172222
0 0.023958 0.580093 0.032292 0.112037
0 0.295052 0.532407 0.042188 0.087037
0 0.345833 0.551852 0.072917 0.092593
0 0.379167 0.540278 0.040625 0.073148
0 0.408073 0.530556 0.025521 0.038889
0 0.416406 0.524074 0.023438 0.042593
0 0.452865 0.505556 0.046354 0.100000
0 0.020573 0.649537 0.040104 0.402778
0 0.553646 0.497685 0.042708 0.032407
0 0.118229 0.530093 0.042708 0.039815
0 0.380469 0.510185 0.038021 0.044444
0 0.296354 0.494444 0.038542 0.029630
0 0.317708 0.520370 0.017708 0.037037
0 0.417708 0.506481 0.020833 0.044444
