0 0.642708 0.480093 0.037500 0.054630
0 0.689063 0.495833 0.023958 0.023148
0 0.615625 0.475463 0.027083 0.039815
0 0.055729 0.432870 0.017708 0.043519
0 0.076042 0.427778 0.027083 0.051852
0 0.096354 0.431944 0.018750 0.030556
0 0.110677 0.506944 0.066146 0.126852
0 0.208854 0.521296 0.167708 0.227778
0 0.319531 0.493519 0.092188 0.137037
0 0.363021 0.470833 0.033333 0.075000
0 0.362760 0.450463 0.033854 0.045370
0 0.273438 0.450000 0.017708 0.025926
0 0.390885 0.458333 0.015104 0.044444
0 0.418750 0.445833 0.046875 0.110185
0 0.489323 0.489815 0.136979 0.231481
