0 0.041016 0.418750 0.028906 0.062500
0 0.045703 0.434722 0.022656 0.036111
0 0.144141 0.446528 0.036719 0.062500
0 0.151172 0.455556 0.041406 0.061111
0 0.244141 0.397222 0.102344 0.072222
0 0.213281 0.447917 0.035937 0.073611
0 0.185156 0.448611 0.020313 0.047222
0 0.234766 0.463194 0.053906 0.081944
0 0.282031 0.457639 0.023438 0.059722
0 0.298828 0.458333 0.025781 0.066667
0 0.315625 0.465972 0.042188 0.081944
0 0.322656 0.475000 0.023438 0.077778
0 0.357812 0.480556 0.071875 0.102778
0 0.419922 0.473611 0.047656 0.080556
0 0.380469 0.379861 0.082812 0.112500
0 0.464453 0.404167 0.102344 0.061111
0 0.482812 0.476389 0.075000 0.127778
0 0.499219 0.497917 0.064062 0.104167
0 0.508203 0.513889 0.044531 0.122222
0 0.550000 0.525000 0.089063 0.147222
0 0.591406 0.551389 0.101562 0.175000
0 0.671484 0.592361 0.185156 0.231944
0 0.897656 0.732639 0.203125 0.531944
