0 0.113542 0.454167 0.203125 0.119444
0 0.426302 0.488889 0.018229 0.033333
0 0.518229 0.526389 0.038542 0.054630
0 0.538281 0.491667 0.022396 0.050000
0 0.564323 0.489815 0.013021 0.053704
0 0.574219 0.492593 0.023438 0.061111
0 0.628385 0.445370 0.036979 0.050000
0 0.628385 0.503241 0.035937 0.043519
0 0.609115 0.446759 0.015104 0.045370
0 0.617188 0.481481 0.067708 0.124074
0 0.709896 0.537500 0.071875 0.078704
0 0.728385 0.473148 0.098437 0.125926
0 0.873958 0.656481 0.251042 0.377778
0 0.586458 0.530093 0.045833 0.060185
