0 0.094792 0.318056 0.189583 0.304630
0 0.239583 0.449537 0.048958 0.028704
0 0.292708 0.447222 0.079167 0.027778
0 0.375781 0.436111 0.064062 0.046296
0 0.392188 0.419444 0.041667 0.068519
0 0.442969 0.415278 0.021354 0.032407
0 0.463021 0.435648 0.017708 0.023148
0 0.534635 0.412963 0.024479 0.027778
0 0.528385 0.537963 0.148438 0.205556
0 0.586198 0.433333 0.013021 0.024074
0 0.601562 0.440278 0.023958 0.049074
0 0.605208 0.459259 0.030208 0.066667
0 0.649219 0.468519 0.071354 0.129630
0 0.690365 0.458333 0.034896 0.064815
0 0.929948 0.598148 0.139063 0.527778
