0 0.282813 0.515278 0.032292 0.023148
0 0.361979 0.507407 0.030208 0.038889
0 0.161719 0.654167 0.323437 0.689815
0 0.342187 0.556019 0.060417 0.084259
0 0.461458 0.612500 0.198958 0.299074
0 0.564063 0.558333 0.046875 0.092593
0 0.587500 0.535185 0.034375 0.074074
0 0.608854 0.519907 0.021875 0.058333
0 0.616927 0.502315 0.022396 0.058333
0 0.635156 0.508796 0.024479 0.108333
0 0.638802 0.530556 0.017188 0.079630
0 0.684115 0.481944 0.084896 0.156481
0 0.690104 0.563426 0.082292 0.108333
0 0.860677 0.468519 0.277604 0.633333
0 0.582292 0.552315 0.018750 0.073148
0 0.643229 0.543981 0.015625 0.071296
