0 0.306641 0.439583 0.058594 0.070833
0 0.367969 0.535417 0.045312 0.104167
0 0.253125 0.514583 0.053125 0.084722
0 0.160156 0.509722 0.057813 0.052778
0 0.192969 0.509722 0.081250 0.038889
0 0.092578 0.514583 0.067969 0.034722
0 0.373828 0.466667 0.028906 0.033333
0 0.311328 0.559028 0.108594 0.145833
0 0.203516 0.630556 0.147656 0.208333
0 0.092969 0.710417 0.185938 0.393056
0 0.569141 0.477778 0.024219 0.055556
0 0.467969 0.402778 0.192188 0.438889
0 0.480469 0.628472 0.220312 0.179167
0 0.419141 0.812500 0.489844 0.372222
0 0.630078 0.484722 0.086719 0.083333
0 0.778125 0.468750 0.100000 0.059722
