0 0.078385 0.458333 0.156771 0.916667
0 0.223177 0.462037 0.051562 0.048148
0 0.108854 0.475926 0.032292 0.024074
0 0.293750 0.456944 0.065625 0.037963
0 0.267188 0.503704 0.052083 0.081481
0 0.306250 0.517593 0.076042 0.087037
0 0.345573 0.465278 0.039062 0.037963
0 0.400260 0.481019 0.051562 0.115741
0 0.450521 0.508333 0.064583 0.094444
0 0.493750 0.500000 0.038542 0.070370
0 0.523177 0.499537 0.027604 0.045370
0 0.560677 0.465741 0.054688 0.168519
0 0.594792 0.491667 0.025000 0.070370
0 0.637760 0.484722 0.016146 0.025000
