0 0.029427 0.647685 0.058854 0.223148
0 0.169531 0.649074 0.250521 0.344444
0 0.306510 0.589815 0.057813 0.077778
0 0.399479 0.589815 0.068750 0.090741
0 0.401302 0.494444 0.017188 0.033333
0 0.438802 0.560648 0.022396 0.043519
0 0.527865 0.610185 0.171354 0.277778
0 0.507292 0.482870 0.092708 0.154630
0 0.947917 0.499537 0.103125 0.999074
0 0.389323 0.476389 0.014063 0.037963
0 0.657813 0.543981 0.030208 0.032407
0 0.334635 0.582407 0.021354 0.050000
0 0.863802 0.283796 0.066146 0.115741
0 0.823958 0.303704 0.059375 0.133333
0 0.790625 0.337037 0.023958 0.107407
