0 0.100000 0.466204 0.141667 0.100926
0 0.432292 0.460185 0.016667 0.031481
0 0.329948 0.571296 0.100521 0.129630
0 0.416146 0.538426 0.051042 0.071296
0 0.460938 0.528241 0.025000 0.041667
0 0.505208 0.546296 0.067708 0.098148
0 0.546094 0.531019 0.022396 0.030556
0 0.593490 0.531944 0.026562 0.034259
0 0.639323 0.530556 0.025521 0.033333
0 0.714583 0.486111 0.109375 0.200000
0 0.781510 0.532870 0.028646 0.063889
0 0.594010 0.502315 0.024479 0.050926
0 0.547396 0.497222 0.017708 0.037037
0 0.526042 0.491667 0.018750 0.031481
