0 0.841927 0.496759 0.020313 0.023148
0 0.829688 0.515741 0.023958 0.035185
0 0.823698 0.506944 0.020313 0.030556
0 0.798958 0.518519 0.032292 0.048148
0 0.786979 0.528241 0.021875 0.049074
0 0.739583 0.540741 0.083333 0.153704
0 0.698438 0.518056 0.017708 0.037963
0 0.682813 0.512500 0.025000 0.041667
0 0.639323 0.492130 0.068229 0.095370
0 0.663802 0.521759 0.040104 0.045370
0 0.615365 0.551852 0.036979 0.114815
0 0.904427 0.635648 0.190104 0.284259
0 0.521094 0.589815 0.202604 0.305556
0 0.403385 0.543056 0.073438 0.117593
0 0.355469 0.571296 0.094271 0.146296
0 0.221094 0.513426 0.214062 0.399074
0 0.086198 0.548148 0.063021 0.181481
0 0.045312 0.637037 0.090625 0.400000
