0 0.096615 0.627778 0.193229 0.359259
0 0.189323 0.546296 0.067187 0.118519
0 0.269531 0.542593 0.106771 0.207407
0 0.373958 0.500000 0.077083 0.177778
0 0.323958 0.529630 0.025000 0.079630
0 0.417969 0.512963 0.024479 0.092593
0 0.433854 0.532407 0.015625 0.044444
0 0.474219 0.500000 0.052604 0.138889
0 0.742448 0.541667 0.056771 0.048148
0 0.436198 0.520370 0.018229 0.050000
0 0.645573 0.532407 0.019271 0.024074
0 0.157552 0.507407 0.018229 0.033333
0 0.319531 0.536111 0.015104 0.079630
0 0.515625 0.523611 0.015625 0.026852
