0 0.065625 0.480093 0.088542 0.075000
0 0.167708 0.499074 0.040625 0.031481
0 0.303646 0.494907 0.031250 0.034259
0 0.352083 0.498148 0.014583 0.025926
0 0.390104 0.537963 0.056250 0.074074
0 0.423177 0.495833 0.025521 0.023148
0 0.435417 0.525000 0.036458 0.046296
0 0.463542 0.518056 0.016667 0.026852
0 0.498958 0.535648 0.066667 0.095370
0 0.602083 0.510648 0.064583 0.119444
0 0.564063 0.526852 0.025000 0.048148
0 0.553125 0.523611 0.018750 0.041667
0 0.541146 0.517593 0.018750 0.027778
0 0.463542 0.502315 0.014583 0.032407
0 0.505729 0.477315 0.028125 0.026852
0 0.527344 0.494444 0.016146 0.033333
0 0.530990 0.507407 0.016146 0.029630
0 0.532031 0.516667 0.011979 0.025926
