0 0.852344 0.463889 0.057813 0.077778
0 0.953906 0.490278 0.054688 0.041667
0 0.055859 0.443056 0.041406 0.061111
0 0.253906 0.494444 0.060937 0.052778
0 0.222266 0.538194 0.071094 0.095833
0 0.119141 0.611111 0.207031 0.286111
0 0.345313 0.469444 0.056250 0.080556
0 0.375000 0.484028 0.082812 0.048611
0 0.353516 0.595833 0.357031 0.175000
0 0.332031 0.829861 0.664062 0.337500
0 0.430078 0.422917 0.086719 0.137500
0 0.460156 0.495139 0.023438 0.045833
0 0.484375 0.515278 0.054688 0.094444
0 0.543359 0.536806 0.105469 0.159722
0 0.571875 0.568056 0.082812 0.163889
0 0.664062 0.584028 0.160938 0.268056
0 0.779297 0.654167 0.258594 0.361111
0 0.909375 0.779167 0.179688 0.436111
0 0.309375 0.451389 0.023438 0.069444
