0 0.073828 0.431944 0.046094 0.055556
0 0.310547 0.470833 0.021094 0.052778
0 0.294531 0.480556 0.023438 0.050000
0 0.264062 0.484028 0.064062 0.070833
0 0.237500 0.514583 0.078125 0.115278
0 0.183984 0.565972 0.138281 0.156944
0 0.073828 0.665278 0.147656 0.347222
0 0.361719 0.566667 0.265625 0.152778
0 0.363281 0.805556 0.560937 0.386111
0 0.451172 0.421528 0.077344 0.145833
0 0.453906 0.497917 0.025000 0.059722
0 0.484375 0.516667 0.054688 0.100000
0 0.545312 0.532639 0.106250 0.162500
0 0.568750 0.562500 0.076563 0.172222
0 0.657813 0.577083 0.160938 0.273611
0 0.760547 0.634722 0.241406 0.355556
0 0.884375 0.763889 0.229687 0.469444
0 0.824609 0.436806 0.091406 0.045833
0 0.178125 0.450694 0.034375 0.037500
0 0.463281 0.511111 0.021875 0.083333
