0 0.105208 0.633333 0.209375 0.320370
0 0.291406 0.457407 0.111979 0.181481
0 0.305208 0.560648 0.127083 0.158333
0 0.390104 0.493519 0.028125 0.053704
0 0.415104 0.463889 0.032292 0.042593
0 0.425521 0.487500 0.023958 0.025000
0 0.407813 0.519444 0.045833 0.068519
0 0.207292 0.467593 0.046875 0.048148
0 0.036458 0.470370 0.072917 0.035185
0 0.485156 0.556944 0.135937 0.204630
0 0.533333 0.458333 0.032292 0.044444
0 0.568490 0.498611 0.065104 0.099074
0 0.599219 0.532870 0.050521 0.087963
0 0.618229 0.476389 0.016667 0.026852
0 0.723958 0.466667 0.228125 0.366667
0 0.937240 0.584722 0.124479 0.547222
0 0.886979 0.423611 0.045833 0.049074
0 0.540104 0.477315 0.020833 0.045370
