0 0.725521 0.590278 0.394792 0.286111
0 0.925000 0.627315 0.148958 0.402778
0 0.834375 0.421296 0.056250 0.033333
0 0.903906 0.416204 0.065104 0.056481
0 0.314323 0.551852 0.166146 0.242593
0 0.457292 0.528241 0.058333 0.086111
0 0.538021 0.511574 0.040625 0.056481
0 0.553385 0.481944 0.019271 0.028704
0 0.513802 0.476389 0.019271 0.025000
0 0.507031 0.467593 0.015104 0.027778
0 0.509375 0.470370 0.014583 0.025926
0 0.456771 0.472222 0.019792 0.024074
0 0.482031 0.468056 0.017188 0.030556
0 0.485417 0.477778 0.018750 0.025926
0 0.378646 0.469444 0.033333 0.046296
0 0.404167 0.463426 0.014583 0.023148
1 0.566406 0.459259 0.006771 0.022222
0 0.018750 0.419907 0.037500 0.402778
0 0.034375 0.507407 0.035417 0.059259
0 0.119531 0.502315 0.055729 0.054630
