0 0.114323 0.499537 0.228646 0.999074
0 0.255469 0.649537 0.160938 0.341667
0 0.287760 0.513426 0.129688 0.089815
0 0.559635 0.656944 0.497396 0.684259
0 0.687500 0.415741 0.216667 0.338889
0 0.819010 0.531019 0.052604 0.028704
0 0.803125 0.559722 0.016667 0.045370
0 0.813021 0.558796 0.017708 0.049074
0 0.830469 0.559259 0.035937 0.051852
0 0.866927 0.559259 0.052604 0.064815
0 0.934375 0.531944 0.061458 0.054630
0 0.943490 0.555556 0.049479 0.066667
0 0.956771 0.537500 0.075000 0.049074
0 0.992188 0.561111 0.014583 0.096296
