0 0.184375 0.500926 0.110417 0.146296
0 0.288021 0.534722 0.140625 0.176852
0 0.355469 0.501852 0.100521 0.153704
0 0.401042 0.484259 0.061458 0.118519
0 0.439844 0.485648 0.031771 0.063889
0 0.450000 0.471296 0.026042 0.042593
0 0.452604 0.479167 0.016667 0.052778
0 0.510677 0.502315 0.104688 0.163889
0 0.551562 0.442593 0.032292 0.079630
0 0.630990 0.497222 0.068229 0.087037
0 0.598698 0.436111 0.067187 0.162963
0 0.899219 0.591204 0.200521 0.408333
0 0.565625 0.475463 0.011458 0.062037
0 0.262240 0.439352 0.025521 0.026852
