0 0.049740 0.670833 0.099479 0.352778
0 0.150260 0.515278 0.074479 0.049074
0 0.225521 0.606481 0.167708 0.200000
0 0.284115 0.526852 0.020313 0.027778
0 0.330729 0.583796 0.088542 0.141667
0 0.382552 0.575463 0.051562 0.097222
0 0.389323 0.548148 0.036979 0.051852
0 0.402865 0.539815 0.033854 0.051852
0 0.512760 0.676389 0.270313 0.397222
0 0.686198 0.464815 0.189062 0.381481
0 0.776302 0.503241 0.222396 0.415741
0 0.910937 0.637963 0.177083 0.416667
0 0.959896 0.365741 0.079167 0.129630
0 0.358594 0.505556 0.019271 0.022222
0 0.405729 0.506944 0.023958 0.026852
0 0.511719 0.472685 0.114062 0.025000
