1 0.734896 0.523611 0.014583 0.080556
0 0.816667 0.514352 0.029167 0.084259
0 0.864844 0.535185 0.072396 0.101852
0 0.990625 0.484722 0.017708 0.180556
0 0.893750 0.492130 0.077083 0.149074
0 0.746094 0.499537 0.068229 0.117593
0 0.709896 0.507407 0.017708 0.077778
0 0.775260 0.392593 0.092188 0.303704
0 0.676042 0.495833 0.028125 0.043519
0 0.600521 0.484722 0.077083 0.150926
0 0.510677 0.550000 0.122396 0.194444
0 0.520052 0.435648 0.057813 0.050926
0 0.445312 0.499537 0.042708 0.097222
0 0.432552 0.524074 0.050521 0.077778
0 0.379688 0.532407 0.069792 0.153704
0 0.338802 0.501389 0.019271 0.034259
0 0.306771 0.515278 0.059375 0.117593
0 0.240365 0.531019 0.046354 0.054630
0 0.014844 0.487037 0.029687 0.033333
0 0.107031 0.503241 0.042188 0.054630
0 0.466146 0.447685 0.013542 0.030556
0 0.639583 0.465278 0.025000 0.023148
