0 0.084766 0.667361 0.169531 0.365278
0 0.032422 0.463889 0.064844 0.044444
0 0.096484 0.421528 0.052344 0.068056
0 0.253906 0.516667 0.095312 0.138889
0 0.799609 0.444444 0.047656 0.052778
0 0.166797 0.369444 0.046094 0.063889
0 0.185938 0.411806 0.059375 0.084722
0 0.217578 0.400000 0.032031 0.063889
0 0.272656 0.428472 0.054688 0.073611
0 0.356641 0.395833 0.046094 0.061111
0 0.385156 0.345833 0.035937 0.050000
0 0.258594 0.304167 0.032813 0.052778
0 0.284375 0.272222 0.034375 0.066667
0 0.355078 0.301389 0.028906 0.038889
0 0.370312 0.281944 0.021875 0.036111
0 0.400781 0.273611 0.042188 0.086111
