0 0.036979 0.569444 0.073958 0.216667
0 0.235156 0.471759 0.046354 0.065741
0 0.386719 0.468981 0.022396 0.025000
0 0.402865 0.469907 0.013021 0.023148
0 0.523438 0.475463 0.019792 0.047222
0 0.544010 0.472222 0.014063 0.046296
0 0.561979 0.466204 0.028125 0.054630
0 0.446875 0.496759 0.020833 0.036111
0 0.425260 0.503704 0.033854 0.044444
0 0.396875 0.497685 0.027083 0.034259
0 0.357292 0.508333 0.042708 0.053704
0 0.489583 0.546759 0.097917 0.147222
0 0.283854 0.546296 0.134375 0.188889
0 0.568490 0.507870 0.043229 0.063889
0 0.683594 0.571296 0.102604 0.138889
0 0.855208 0.613426 0.288542 0.428704
