0 0.131510 0.543981 0.103646 0.119444
0 0.218490 0.543519 0.056771 0.083333
0 0.269531 0.552778 0.097396 0.103704
0 0.325781 0.544907 0.057813 0.086111
0 0.369531 0.527778 0.053646 0.085185
0 0.400000 0.501852 0.045833 0.118519
0 0.442708 0.525000 0.073958 0.096296
0 0.476042 0.516667 0.019792 0.064815
0 0.737760 0.475000 0.025521 0.035185
0 0.755729 0.487963 0.026042 0.035185
0 0.771875 0.466204 0.020833 0.025000
0 0.791667 0.471296 0.023958 0.031481
0 0.813542 0.461574 0.019792 0.028704
0 0.493229 0.491204 0.028125 0.041667
