1 0.881510 0.524074 0.008854 0.024074
0 0.566406 0.558796 0.020313 0.039815
0 0.913802 0.536574 0.047396 0.052778
0 0.765885 0.549537 0.053646 0.052778
0 0.730208 0.551389 0.031250 0.049074
0 0.726823 0.551852 0.034896 0.050000
0 0.844010 0.543519 0.114062 0.044444
0 0.661979 0.561574 0.090625 0.137963
0 0.476302 0.566667 0.049479 0.107407
0 0.516146 0.577778 0.089583 0.133333
0 0.358333 0.581481 0.083333 0.144444
0 0.297396 0.598148 0.101042 0.192593
0 0.187760 0.607870 0.194271 0.291667
0 0.094271 0.701852 0.188542 0.477778
