0 0.120313 0.625000 0.235417 0.316667
0 0.280469 0.593056 0.135937 0.184259
0 0.364323 0.556481 0.052604 0.085185
0 0.309375 0.482870 0.018750 0.023148
0 0.335938 0.487500 0.021875 0.023148
0 0.388542 0.493056 0.026042 0.026852
0 0.488021 0.679167 0.273958 0.399074
0 0.596354 0.542130 0.023958 0.050926
0 0.570312 0.498148 0.040625 0.037037
0 0.633594 0.553704 0.063021 0.083333
0 0.677865 0.570833 0.041146 0.128704
0 0.760417 0.575463 0.168750 0.226852
0 0.962240 0.719444 0.074479 0.338889
0 0.546094 0.461574 0.058854 0.045370
0 0.490885 0.470833 0.113021 0.025000
