0 0.108594 0.603704 0.217188 0.311111
0 0.214583 0.469907 0.032292 0.050926
0 0.418750 0.507870 0.047917 0.060185
0 0.432812 0.494444 0.027083 0.051852
0 0.495573 0.537500 0.106771 0.169444
0 0.564583 0.459259 0.043750 0.112963
0 0.581771 0.505556 0.043750 0.057407
0 0.607031 0.459259 0.040104 0.081481
0 0.626563 0.496296 0.031250 0.046296
0 0.691146 0.499074 0.123958 0.264815
0 0.804427 0.453704 0.145313 0.279630
0 0.965625 0.575000 0.067708 0.190741
0 0.452604 0.476852 0.017708 0.029630
0 0.362240 0.475000 0.029687 0.024074
