0 0.019271 0.410185 0.038542 0.101852
0 0.051562 0.430093 0.030208 0.063889
0 0.105208 0.425000 0.029167 0.072222
0 0.339844 0.412037 0.026562 0.055556
0 0.371615 0.429167 0.017188 0.025000
0 0.388802 0.446759 0.020313 0.028704
0 0.407813 0.459259 0.026042 0.040741
0 0.333333 0.443519 0.012500 0.024074
0 0.348438 0.441667 0.019792 0.029630
0 0.355469 0.445370 0.022396 0.024074
0 0.375521 0.476852 0.034375 0.061111
0 0.309896 0.441667 0.019792 0.020370
0 0.298958 0.440278 0.016667 0.025000
0 0.338802 0.513889 0.081771 0.114815
0 0.206250 0.535185 0.217708 0.292593
0 0.444271 0.461574 0.040625 0.139815
0 0.540104 0.513889 0.180208 0.312963
0 0.645573 0.511111 0.049479 0.098148
0 0.977865 0.591667 0.043229 0.196296
0 0.414583 0.443056 0.018750 0.023148
