0 0.183333 0.693056 0.366667 0.610185
0 0.377604 0.593519 0.140625 0.209259
0 0.475260 0.546296 0.100521 0.188889
0 0.511719 0.517593 0.065104 0.148148
0 0.546615 0.514815 0.014063 0.090741
0 0.545833 0.498148 0.042708 0.112963
0 0.586198 0.487963 0.013021 0.025926
0 0.616667 0.484722 0.031250 0.039815
0 0.637760 0.489815 0.016146 0.027778
0 0.589583 0.527315 0.016667 0.043519
0 0.597396 0.536111 0.021875 0.061111
0 0.607552 0.542130 0.023438 0.069444
0 0.634375 0.545370 0.058333 0.083333
0 0.731510 0.575926 0.154688 0.214815
0 0.864583 0.627315 0.173958 0.310185
0 0.957031 0.476389 0.084896 0.952778
