0 0.162891 0.681250 0.288281 0.404167
0 0.306641 0.532639 0.049219 0.104167
0 0.371875 0.573611 0.139063 0.200000
0 0.456250 0.540278 0.079687 0.136111
0 0.466406 0.515278 0.068750 0.100000
0 0.499219 0.500694 0.054688 0.084722
0 0.564844 0.454167 0.029687 0.061111
0 0.584375 0.438889 0.028125 0.036111
0 0.603516 0.493056 0.063281 0.088889
0 0.630859 0.453472 0.038281 0.054167
0 0.694141 0.452778 0.041406 0.063889
0 0.855859 0.585417 0.178906 0.231944
0 0.259375 0.462500 0.025000 0.038889
0 0.680078 0.435417 0.032031 0.068056
0 0.752344 0.483333 0.087500 0.147222
0 0.797656 0.444444 0.045312 0.094444
0 0.531250 0.470833 0.054688 0.091667
0 0.592969 0.427083 0.023438 0.045833
0 0.603125 0.420833 0.021875 0.050000
