0 0.080469 0.595370 0.094271 0.170370
0 0.217708 0.612037 0.222917 0.312963
0 0.371094 0.532407 0.028646 0.042593
0 0.425781 0.551389 0.064062 0.084259
0 0.449740 0.518519 0.025521 0.048148
0 0.551562 0.581944 0.172917 0.275000
0 0.529167 0.447685 0.092708 0.160185
0 0.946354 0.499537 0.106250 0.999074
0 0.315625 0.540741 0.026042 0.038889
0 0.405729 0.455093 0.018750 0.039815
0 0.394792 0.432407 0.021875 0.050000
0 0.466406 0.470370 0.015104 0.025926
0 0.695312 0.502315 0.029167 0.037963
0 0.777344 0.518056 0.044271 0.058333
0 0.778906 0.497222 0.055729 0.046296
0 0.651823 0.498611 0.029687 0.032407
