0 0.385417 0.502778 0.021875 0.020370
0 0.326562 0.484259 0.079167 0.061111
0 0.823438 0.460648 0.039583 0.028704
0 0.900781 0.475000 0.103646 0.072222
0 0.950781 0.573148 0.097396 0.187037
0 0.753906 0.503704 0.097396 0.085185
0 0.798438 0.401852 0.061458 0.077778
0 0.841927 0.392130 0.068229 0.086111
0 0.918750 0.366204 0.115625 0.108333
0 0.880729 0.412037 0.237500 0.201852
0 0.812760 0.608796 0.251563 0.271296
0 0.696875 0.497222 0.035417 0.135185
0 0.634896 0.504167 0.094792 0.178704
0 0.571875 0.487500 0.060417 0.113889
0 0.565885 0.556019 0.067187 0.134259
0 0.475000 0.615741 0.191667 0.270370
