0 0.059896 0.644907 0.119792 0.412037
0 0.065365 0.497222 0.064062 0.087037
0 0.188542 0.545370 0.212500 0.279630
0 0.192188 0.390741 0.103125 0.042593
0 0.351042 0.509259 0.097917 0.155556
0 0.404687 0.514352 0.029167 0.078704
0 0.419271 0.506944 0.025000 0.060185
0 0.418490 0.468981 0.033854 0.071296
0 0.455990 0.454630 0.016146 0.051852
0 0.503385 0.521759 0.127604 0.199074
0 0.572396 0.501852 0.020833 0.053704
0 0.609115 0.508796 0.070312 0.100926
0 0.892448 0.574074 0.214062 0.375926
0 0.299219 0.475000 0.042188 0.100000
