0 0.094141 0.439583 0.046094 0.062500
0 0.096484 0.466667 0.041406 0.061111
0 0.301172 0.484028 0.039844 0.051389
0 0.268359 0.511806 0.072656 0.104167
0 0.334766 0.470833 0.022656 0.041667
0 0.246484 0.548611 0.086719 0.127778
0 0.153125 0.598611 0.168750 0.241667
0 0.031641 0.799306 0.063281 0.318056
0 0.376953 0.572222 0.236719 0.138889
0 0.383203 0.810417 0.513281 0.376389
0 0.480078 0.443056 0.082031 0.186111
0 0.475000 0.510417 0.034375 0.070833
0 0.510938 0.525694 0.043750 0.101389
0 0.567969 0.544444 0.114062 0.166667
0 0.613672 0.586806 0.091406 0.193056
0 0.719922 0.603472 0.188281 0.318056
0 0.835156 0.679861 0.295312 0.420833
0 0.927344 0.788194 0.143750 0.420833
0 0.857812 0.442361 0.046875 0.048611
0 0.899219 0.448611 0.040625 0.044444
