0 0.850000 0.454167 0.056250 0.058333
0 0.956250 0.488194 0.051562 0.040278
0 0.050781 0.442361 0.029687 0.062500
0 0.279297 0.484722 0.024219 0.072222
0 0.253516 0.487500 0.057031 0.063889
0 0.242578 0.500000 0.078906 0.061111
0 0.175391 0.575694 0.110156 0.159722
0 0.082812 0.629861 0.165625 0.320833
0 0.352344 0.473611 0.073438 0.091667
0 0.378516 0.489583 0.088281 0.062500
0 0.344531 0.613889 0.392188 0.200000
0 0.345313 0.845833 0.690625 0.305556
0 0.434375 0.420833 0.082812 0.144444
0 0.464453 0.498611 0.028906 0.058333
0 0.492969 0.515278 0.064062 0.097222
0 0.558203 0.543056 0.111719 0.169444
0 0.588281 0.572222 0.090625 0.175000
0 0.689844 0.596528 0.179688 0.290278
0 0.832031 0.678472 0.298438 0.404167
0 0.948047 0.825694 0.102344 0.345833
0 0.308594 0.451389 0.023438 0.069444
0 0.421875 0.520139 0.112500 0.051389
