0 0.276823 0.508796 0.031771 0.023148
0 0.318229 0.508796 0.030208 0.023148
0 0.337760 0.479630 0.028646 0.055556
0 0.440365 0.460648 0.020313 0.047222
0 0.126302 0.671296 0.252604 0.387037
0 0.370052 0.558333 0.094271 0.137037
0 0.441406 0.541667 0.047396 0.061111
0 0.468490 0.526852 0.032813 0.055556
0 0.484375 0.512963 0.016667 0.027778
0 0.493750 0.495833 0.016667 0.025000
0 0.486198 0.503241 0.016146 0.026852
0 0.526302 0.550926 0.079687 0.116667
0 0.544531 0.458796 0.019271 0.045370
0 0.550260 0.466667 0.023438 0.044444
0 0.558594 0.500463 0.021354 0.097222
0 0.589323 0.504630 0.052604 0.120370
0 0.614062 0.542593 0.037500 0.081481
0 0.664062 0.549074 0.094792 0.129630
0 0.898177 0.607407 0.199479 0.331481
