0 0.012760 0.483333 0.025521 0.138889
0 0.232031 0.251389 0.464062 0.502778
0 0.480208 0.381944 0.075000 0.126852
0 0.657552 0.364352 0.176563 0.126852
0 0.953646 0.437963 0.033333 0.037037
0 0.918490 0.418981 0.031771 0.049074
0 0.889062 0.414352 0.027083 0.034259
0 0.860677 0.389352 0.029687 0.034259
0 0.845573 0.401389 0.017188 0.028704
0 0.816667 0.377315 0.036458 0.069444
0 0.790885 0.366204 0.016146 0.034259
1 0.909115 0.412500 0.013021 0.045370
1 0.882292 0.409722 0.008333 0.052778
1 0.872917 0.403241 0.008333 0.056481
1 0.861458 0.399537 0.009375 0.054630
