0 0.077604 0.496759 0.155208 0.562037
0 0.267969 0.525926 0.041146 0.051852
0 0.159375 0.531481 0.052083 0.059259
0 0.209115 0.526389 0.041146 0.049074
0 0.347917 0.540741 0.115625 0.166667
0 0.424479 0.480093 0.111458 0.212037
0 0.490885 0.490741 0.038021 0.116667
0 0.478646 0.526389 0.014583 0.056481
0 0.541667 0.531019 0.054167 0.073148
0 0.650521 0.518519 0.045833 0.035185
0 0.782292 0.525000 0.056250 0.068519
0 0.584635 0.528241 0.023438 0.034259
0 0.623437 0.527315 0.023958 0.034259
0 0.685937 0.521759 0.030208 0.045370
0 0.519271 0.497685 0.017708 0.041667
0 0.577865 0.504167 0.023438 0.030556
0 0.600781 0.512037 0.021354 0.031481
0 0.841406 0.506944 0.073438 0.045370
