0 0.034375 0.395370 0.068750 0.525926
0 0.050260 0.479630 0.014063 0.035185
0 0.109896 0.477315 0.053125 0.028704
0 0.164583 0.465741 0.061458 0.046296
0 0.272917 0.470833 0.022917 0.026852
0 0.433854 0.451852 0.019792 0.024074
0 0.440365 0.491667 0.041146 0.061111
0 0.467187 0.479167 0.023958 0.032407
0 0.484375 0.474074 0.018750 0.025926
0 0.513281 0.489815 0.038021 0.055556
0 0.539844 0.460185 0.013021 0.053704
0 0.563021 0.465741 0.039583 0.083333
0 0.623437 0.452778 0.038542 0.094444
0 0.751042 0.388889 0.244792 0.501852
0 0.964583 0.433796 0.069792 0.102778
