0 0.517448 0.513426 0.014063 0.030556
0 0.508333 0.538889 0.014583 0.059259
0 0.538281 0.530093 0.023438 0.036111
0 0.568229 0.541204 0.044792 0.058333
0 0.407813 0.541204 0.045833 0.067593
0 0.371354 0.538889 0.028125 0.042593
0 0.346875 0.530556 0.029167 0.048148
0 0.255729 0.493519 0.060417 0.051852
0 0.025260 0.505093 0.050521 0.030556
0 0.272135 0.555556 0.060937 0.083333
0 0.469531 0.545370 0.066146 0.155556
0 0.694010 0.526852 0.133854 0.261111
0 0.917448 0.508796 0.128646 0.128704
0 0.244010 0.546296 0.014063 0.061111
