0 0.341146 0.479630 0.062500 0.072222
0 0.205469 0.483796 0.089063 0.062037
0 0.409635 0.489352 0.078646 0.137963
0 0.662500 0.494444 0.032292 0.090741
0 0.614323 0.473611 0.065104 0.067593
0 0.559115 0.491204 0.047396 0.087963
0 0.616667 0.566204 0.114583 0.136111
0 0.477865 0.634722 0.222396 0.312037
0 0.701042 0.533333 0.073958 0.101852
0 0.790625 0.606019 0.217708 0.228704
0 0.898698 0.542593 0.067187 0.070370
0 0.969792 0.558333 0.059375 0.131481
0 0.706510 0.443056 0.034896 0.052778
0 0.727344 0.440278 0.033854 0.056481
0 0.766406 0.428241 0.064062 0.069444
0 0.745573 0.445833 0.122396 0.104630
0 0.759115 0.487500 0.047396 0.023148
