0 0.019531 0.528241 0.039062 0.023148
0 0.358333 0.493519 0.075000 0.072222
0 0.406510 0.504630 0.026562 0.044444
0 0.463021 0.494444 0.021875 0.037037
0 0.503906 0.495370 0.018229 0.031481
0 0.714063 0.510648 0.017708 0.025000
0 0.650000 0.499074 0.013542 0.024074
0 0.629427 0.489352 0.018229 0.039815
0 0.602865 0.491667 0.014063 0.031481
0 0.588542 0.491204 0.018750 0.036111
0 0.560677 0.517130 0.019271 0.026852
0 0.574479 0.534722 0.025000 0.047222
0 0.542188 0.525463 0.028125 0.047222
0 0.521094 0.541204 0.041146 0.056481
0 0.622917 0.604630 0.148958 0.192593
0 0.678646 0.533333 0.045833 0.088889
