0 0.095833 0.587963 0.191667 0.453704
0 0.171875 0.508333 0.068750 0.231481
0 0.224479 0.492130 0.038542 0.110185
0 0.247656 0.518981 0.052604 0.058333
0 0.211979 0.520833 0.013542 0.056481
0 0.282292 0.496296 0.029167 0.042593
0 0.327604 0.470833 0.072917 0.123148
0 0.483854 0.638889 0.336458 0.548148
0 0.653906 0.471759 0.032813 0.041667
0 0.749740 0.506019 0.040104 0.063889
0 0.762500 0.462963 0.036458 0.066667
0 0.809115 0.479167 0.036979 0.049074
0 0.867708 0.612037 0.065625 0.190741
1 0.864583 0.563426 0.051042 0.219444
0 0.936458 0.643981 0.126042 0.558333
0 0.939063 0.478241 0.042708 0.078704
0 0.934896 0.461574 0.053125 0.047222
0 0.928385 0.249074 0.108854 0.472222
