0 0.255729 0.495370 0.101042 0.090741
0 0.451823 0.562037 0.051562 0.064815
0 0.459375 0.515741 0.052083 0.061111
0 0.482812 0.555093 0.027083 0.045370
0 0.523177 0.564815 0.063021 0.083333
0 0.511719 0.503704 0.020313 0.035185
0 0.561458 0.556481 0.027083 0.038889
0 0.582812 0.534722 0.015625 0.023148
0 0.616927 0.556019 0.050521 0.071296
0 0.546094 0.504630 0.017188 0.024074
0 0.626042 0.512037 0.027083 0.048148
0 0.639583 0.478704 0.017708 0.025926
0 0.653125 0.511111 0.018750 0.035185
0 0.674479 0.513889 0.013542 0.022222
0 0.672656 0.497685 0.015104 0.036111
0 0.657031 0.555093 0.017188 0.036111
0 0.677344 0.557407 0.035937 0.051852
0 0.865625 0.592130 0.251042 0.345370
