0 0.298177 0.491204 0.063021 0.087963
0 0.359635 0.435648 0.019271 0.034259
0 0.390365 0.483796 0.031771 0.043519
0 0.420833 0.469907 0.021875 0.041667
0 0.434896 0.483333 0.040625 0.059259
0 0.413802 0.409722 0.017188 0.030556
0 0.421354 0.419444 0.016667 0.027778
0 0.435417 0.413889 0.014583 0.027778
0 0.466667 0.461574 0.017708 0.023148
0 0.478385 0.428704 0.017188 0.038889
0 0.493750 0.413889 0.013542 0.024074
0 0.505729 0.482870 0.053125 0.084259
0 0.534375 0.458796 0.013542 0.028704
0 0.556510 0.476389 0.036979 0.063889
