1 0.674219 0.574306 0.082812 0.318056
0 0.011719 0.481944 0.020313 0.044444
0 0.105469 0.472222 0.142187 0.222222
0 0.222656 0.473611 0.042188 0.086111
0 0.237500 0.493750 0.056250 0.079167
0 0.284375 0.479167 0.037500 0.069444
0 0.302734 0.482639 0.028906 0.070833
0 0.317188 0.487500 0.025000 0.091667
0 0.343750 0.495833 0.057813 0.119444
0 0.396094 0.529861 0.118750 0.184722
0 0.481250 0.415972 0.134375 0.273611
0 0.524219 0.515278 0.085938 0.122222
0 0.582422 0.543056 0.092969 0.169444
0 0.707812 0.557639 0.203125 0.309722
