0 0.303646 0.574074 0.138542 0.172222
0 0.442448 0.518056 0.018229 0.025000
0 0.503385 0.512500 0.017188 0.028704
0 0.549219 0.525000 0.027604 0.037037
0 0.564583 0.516667 0.014583 0.024074
0 0.618750 0.513426 0.037500 0.075000
0 0.694792 0.525926 0.029167 0.050000
0 0.719531 0.529167 0.042188 0.060185
0 0.753125 0.536111 0.052083 0.064815
0 0.815365 0.534722 0.085938 0.097222
0 0.868229 0.528241 0.038542 0.078704
0 0.929427 0.545833 0.124479 0.126852
0 0.989844 0.543981 0.019271 0.093519
0 0.741146 0.481019 0.033333 0.047222
