0 0.292708 0.494907 0.056250 0.099074
0 0.333333 0.529630 0.104167 0.135185
0 0.373177 0.480556 0.013021 0.025926
0 0.414062 0.456481 0.068750 0.150000
0 0.482812 0.481944 0.032292 0.050926
0 0.540625 0.475926 0.033333 0.070370
0 0.548438 0.436574 0.021875 0.032407
0 0.566406 0.443981 0.015104 0.039815
0 0.594271 0.448611 0.027083 0.050926
0 0.630208 0.478241 0.022917 0.028704
0 0.655729 0.475463 0.021875 0.026852
0 0.703906 0.490278 0.027604 0.034259
0 0.826562 0.505556 0.071875 0.103704
0 0.945312 0.622685 0.108333 0.469444
