0 0.429427 0.466204 0.024479 0.030556
0 0.405208 0.467593 0.021875 0.025926
0 0.377344 0.470833 0.022396 0.032407
0 0.300000 0.473148 0.032292 0.040741
0 0.307552 0.475000 0.028646 0.038889
0 0.211719 0.461111 0.083854 0.074074
0 0.054948 0.675463 0.109896 0.408333
0 0.288542 0.538889 0.075000 0.088889
0 0.317708 0.506019 0.041667 0.063889
0 0.367188 0.513426 0.040625 0.054630
0 0.417708 0.517593 0.048958 0.072222
0 0.438802 0.490741 0.017188 0.027778
0 0.463281 0.485185 0.026562 0.062963
0 0.498958 0.543981 0.079167 0.102778
0 0.527344 0.468056 0.020313 0.050926
0 0.547656 0.485648 0.023438 0.056481
0 0.561198 0.507870 0.034896 0.062037
0 0.572396 0.514815 0.026042 0.070370
0 0.597396 0.528241 0.045833 0.095370
0 0.614583 0.542593 0.028125 0.092593
0 0.688281 0.477778 0.157812 0.292593
0 0.867708 0.504630 0.252083 0.488889
0 0.931771 0.692130 0.135417 0.465741
