0 0.012760 0.777778 0.025521 0.422222
0 0.114062 0.527315 0.140625 0.154630
0 0.246875 0.442130 0.039583 0.036111
0 0.295833 0.532870 0.148958 0.178704
0 0.401302 0.498148 0.072396 0.096296
0 0.439323 0.484259 0.036979 0.062963
0 0.358594 0.478704 0.032813 0.062963
0 0.328646 0.416204 0.072917 0.078704
0 0.405990 0.432870 0.038021 0.039815
0 0.454948 0.471296 0.015104 0.050000
0 0.450521 0.437037 0.018750 0.029630
0 0.368490 0.439352 0.017188 0.025000
0 0.281250 0.432407 0.021875 0.025926
0 0.530990 0.494444 0.154688 0.251852
0 0.601823 0.441667 0.043229 0.103704
0 0.614844 0.480556 0.022396 0.112963
0 0.670573 0.418981 0.115104 0.267593
0 0.689844 0.507407 0.038021 0.120370
0 0.761458 0.509259 0.144792 0.224074
0 0.871094 0.560185 0.219271 0.261111
0 0.974740 0.664352 0.049479 0.363889
