0 0.013021 0.483796 0.026042 0.137963
0 0.232031 0.252315 0.464062 0.504630
0 0.480729 0.381944 0.073958 0.126852
0 0.628646 0.369907 0.157292 0.100926
0 0.744792 0.348148 0.143750 0.122222
0 0.823438 0.376389 0.028125 0.073148
0 0.846354 0.401852 0.019792 0.029630
0 0.865365 0.403704 0.017188 0.035185
0 0.889062 0.415278 0.028125 0.036111
0 0.919271 0.418519 0.032292 0.048148
0 0.951562 0.435185 0.027083 0.037037
1 0.830729 0.393519 0.014583 0.062963
1 0.899740 0.412500 0.005729 0.052778
1 0.879948 0.407870 0.007812 0.050926
1 0.872656 0.405093 0.006771 0.056481
1 0.861719 0.400463 0.006771 0.054630
