0 0.610156 0.341204 0.035937 0.045370
0 0.688542 0.361111 0.012500 0.022222
0 0.715625 0.366667 0.043750 0.046296
0 0.797135 0.370370 0.043229 0.029630
0 0.802865 0.391204 0.053646 0.045370
0 0.857292 0.400000 0.057292 0.048148
0 0.893750 0.383796 0.071875 0.063889
0 0.955469 0.425926 0.033854 0.040741
0 0.988802 0.444907 0.021354 0.043519
1 0.604688 0.363426 0.019792 0.076852
1 0.617188 0.360648 0.013542 0.084259
1 0.650260 0.367593 0.013021 0.072222
0 0.532031 0.347222 0.025521 0.022222
1 0.675260 0.368056 0.010937 0.073148
1 0.661719 0.368519 0.009896 0.064815
1 0.547917 0.350926 0.012500 0.057407
