0 0.429427 0.491667 0.020313 0.031481
0 0.586198 0.482407 0.025521 0.024074
0 0.556510 0.492130 0.034896 0.060185
0 0.583594 0.528704 0.056771 0.070370
0 0.610677 0.468519 0.020313 0.029630
0 0.605208 0.481019 0.035417 0.054630
0 0.617188 0.521759 0.021875 0.047222
0 0.636979 0.525463 0.040625 0.058333
0 0.655469 0.500463 0.020313 0.025000
0 0.487760 0.606019 0.189062 0.263889
0 0.823698 0.481481 0.058854 0.048148
0 0.725000 0.558796 0.168750 0.204630
0 0.875000 0.498611 0.064583 0.034259
0 0.859896 0.554630 0.119792 0.135185
0 0.945573 0.532407 0.107813 0.124074
