0 0.153646 0.469444 0.072917 0.075926
0 0.211458 0.475926 0.032292 0.055556
0 0.307031 0.456481 0.033854 0.033333
0 0.340885 0.473611 0.016146 0.023148
0 0.471354 0.475463 0.014583 0.026852
0 0.550781 0.484259 0.030729 0.072222
0 0.455729 0.490278 0.022917 0.030556
0 0.440885 0.501852 0.018229 0.040741
0 0.418229 0.507407 0.039583 0.059259
0 0.377344 0.504630 0.032813 0.044444
0 0.276562 0.557407 0.148958 0.211111
0 0.572917 0.512963 0.048958 0.072222
0 0.498958 0.535648 0.075000 0.113889
0 0.753906 0.531019 0.092188 0.123148
0 0.914844 0.635648 0.169271 0.450926
