0 0.313542 0.561111 0.108333 0.125926
0 0.405990 0.529167 0.042188 0.054630
0 0.436719 0.521759 0.035937 0.054630
0 0.497917 0.525000 0.038542 0.050000
0 0.529948 0.520833 0.027604 0.036111
0 0.477344 0.520833 0.018229 0.036111
0 0.561979 0.525463 0.036458 0.045370
0 0.592448 0.516204 0.025521 0.037963
0 0.615885 0.514352 0.019271 0.028704
0 0.441927 0.491204 0.034896 0.034259
0 0.145052 0.482870 0.045312 0.052778
0 0.300521 0.502315 0.063542 0.052778
0 0.643750 0.509259 0.017708 0.031481
0 0.007031 0.760185 0.014063 0.292593
0 0.546094 0.516667 0.013021 0.029630
