0 0.125000 0.607639 0.187500 0.256944
0 0.267188 0.547917 0.090625 0.120833
0 0.422266 0.645139 0.188281 0.243056
0 0.503906 0.579861 0.114062 0.145833
0 0.309766 0.509028 0.064844 0.087500
0 0.350781 0.469444 0.048438 0.066667
0 0.130078 0.447222 0.047656 0.061111
0 0.210547 0.427083 0.044531 0.065278
0 0.231250 0.413194 0.031250 0.051389
0 0.189062 0.396528 0.032813 0.048611
0 0.228906 0.359028 0.029687 0.040278
0 0.256250 0.327778 0.025000 0.038889
0 0.294922 0.408333 0.035156 0.050000
0 0.315625 0.381944 0.028125 0.044444
0 0.356250 0.388889 0.051562 0.116667
0 0.394141 0.361111 0.030469 0.047222
0 0.285938 0.294444 0.020313 0.036111
0 0.290234 0.275000 0.022656 0.041667
0 0.351172 0.309722 0.022656 0.033333
