0 0.417969 0.534259 0.040104 0.046296
0 0.442969 0.573148 0.051562 0.066667
0 0.462760 0.528241 0.050521 0.052778
0 0.482812 0.567130 0.033333 0.049074
0 0.527604 0.573611 0.057292 0.076852
0 0.545573 0.518056 0.022396 0.028704
0 0.565885 0.521296 0.016146 0.029630
0 0.564323 0.569907 0.025521 0.037963
0 0.611719 0.565278 0.044271 0.063889
0 0.630990 0.543981 0.025521 0.063889
0 0.651042 0.569444 0.012500 0.031481
0 0.671094 0.566667 0.031771 0.048148
0 0.658333 0.537037 0.016667 0.029630
0 0.678646 0.501389 0.016667 0.023148
0 0.774479 0.581944 0.176042 0.260185
0 0.678125 0.544444 0.014583 0.027778
