0 0.761719 0.452083 0.048438 0.098611
0 0.792188 0.445833 0.025000 0.086111
0 0.753125 0.473611 0.043750 0.086111
0 0.739062 0.490278 0.075000 0.083333
0 0.687109 0.471528 0.049219 0.076389
0 0.625000 0.532639 0.121875 0.201389
0 0.392578 0.511111 0.308594 0.419444
0 0.547266 0.458333 0.021094 0.083333
0 0.175000 0.564583 0.201563 0.359722
0 0.879687 0.513194 0.098437 0.148611
0 0.973047 0.486111 0.052344 0.133333
0 0.991406 0.548611 0.015625 0.147222
0 0.695312 0.446528 0.070312 0.070833
0 0.453906 0.404861 0.059375 0.170833
