1 0.750000 0.494444 0.017708 0.085185
1 0.667969 0.473611 0.014063 0.028704
1 0.674479 0.273148 0.005208 0.031481
1 0.665625 0.275000 0.008333 0.037037
1 0.372917 0.279167 0.009375 0.043519
0 0.144531 0.681944 0.289062 0.493519
0 0.231250 0.535648 0.085417 0.102778
0 0.246094 0.496759 0.038021 0.034259
0 0.388542 0.498148 0.028125 0.051852
0 0.427604 0.497222 0.075000 0.070370
0 0.454948 0.570370 0.155729 0.209259
0 0.526302 0.490278 0.034896 0.041667
0 0.535156 0.481944 0.030729 0.041667
0 0.616406 0.478241 0.058854 0.037963
0 0.634375 0.539815 0.126042 0.135185
0 0.704427 0.512963 0.059896 0.083333
