0 0.118750 0.549537 0.237500 0.430556
0 0.256510 0.384259 0.033854 0.066667
0 0.243490 0.450926 0.059896 0.079630
0 0.278646 0.427315 0.030208 0.034259
0 0.321354 0.368981 0.028125 0.050926
0 0.319792 0.397685 0.012500 0.026852
0 0.335417 0.396296 0.021875 0.033333
0 0.345313 0.400000 0.026042 0.029630
0 0.358333 0.432870 0.039583 0.065741
0 0.364583 0.425926 0.032292 0.055556
0 0.373698 0.395370 0.021354 0.024074
0 0.392969 0.410185 0.026562 0.038889
0 0.433594 0.412963 0.047396 0.140741
0 0.513021 0.475000 0.177083 0.298148
0 0.631771 0.448148 0.062500 0.075926
0 0.834375 0.484259 0.128125 0.144444
0 0.296354 0.396759 0.021875 0.026852
0 0.313802 0.476852 0.098437 0.129630
0 0.007031 0.322685 0.014063 0.032407
