0 0.019531 0.492593 0.039062 0.051852
0 0.151823 0.437963 0.066146 0.053704
0 0.348438 0.420833 0.032292 0.054630
0 0.354687 0.403241 0.026042 0.047222
0 0.376823 0.412963 0.025521 0.048148
0 0.396094 0.401852 0.015104 0.031481
0 0.428385 0.401852 0.016146 0.027778
0 0.308594 0.483333 0.061979 0.087037
0 0.392708 0.463426 0.032292 0.045370
0 0.420052 0.442130 0.026562 0.043519
0 0.436719 0.468056 0.040104 0.060185
0 0.470052 0.432407 0.018229 0.024074
0 0.482552 0.406944 0.018229 0.039815
0 0.501302 0.415278 0.013021 0.025000
0 0.507812 0.475000 0.059375 0.094444
0 0.523958 0.410185 0.014583 0.037037
0 0.537760 0.429630 0.014063 0.031481
0 0.556250 0.456019 0.034375 0.062037
0 0.301563 0.430093 0.020833 0.021296
