0 0.225781 0.458333 0.099479 0.096296
0 0.335938 0.487963 0.025000 0.029630
0 0.385156 0.531481 0.057813 0.075926
0 0.435156 0.516204 0.034896 0.045370
0 0.496875 0.527778 0.064583 0.096296
0 0.461719 0.493056 0.015104 0.034259
0 0.504687 0.469907 0.026042 0.030556
0 0.526563 0.487963 0.016667 0.038889
0 0.529687 0.496296 0.014583 0.029630
0 0.530729 0.506944 0.013542 0.025000
0 0.539062 0.508796 0.019792 0.026852
0 0.550521 0.513889 0.014583 0.040741
0 0.562500 0.517593 0.023958 0.048148
0 0.599479 0.503241 0.064583 0.119444
0 0.462760 0.508333 0.017188 0.025926
