1 0.382812 0.513889 0.014063 0.086111
1 0.537891 0.499306 0.013281 0.093056
0 0.091797 0.471528 0.055469 0.051389
0 0.046875 0.534722 0.093750 0.080556
0 0.086719 0.536111 0.076563 0.069444
0 0.251563 0.515972 0.118750 0.065278
0 0.382031 0.497222 0.039062 0.058333
0 0.369531 0.470833 0.039062 0.044444
0 0.416406 0.464583 0.045312 0.054167
0 0.464453 0.463194 0.049219 0.045833
0 0.624609 0.464583 0.027344 0.040278
0 0.577344 0.451389 0.068750 0.041667
0 0.596094 0.492361 0.107813 0.065278
0 0.529687 0.510417 0.123438 0.070833
0 0.946875 0.551389 0.104688 0.413889
0 0.858203 0.537500 0.114844 0.166667
0 0.800000 0.521528 0.050000 0.109722
0 0.721094 0.505556 0.070312 0.091667
0 0.828125 0.467361 0.096875 0.070833
0 0.762109 0.470139 0.075781 0.068056
