0 0.028385 0.418981 0.046354 0.058333
0 0.065885 0.426852 0.030729 0.038889
0 0.051042 0.423611 0.019792 0.043519
0 0.088021 0.435648 0.014583 0.021296
0 0.093750 0.505093 0.063542 0.134259
0 0.199740 0.521759 0.189062 0.254630
0 0.278646 0.447222 0.016667 0.031481
0 0.325781 0.497222 0.098437 0.148148
0 0.373437 0.467593 0.040625 0.077778
0 0.374479 0.443519 0.036458 0.038889
0 0.402604 0.457870 0.018750 0.045370
0 0.426302 0.443519 0.034896 0.111111
0 0.499219 0.485648 0.138021 0.230556
0 0.661719 0.481019 0.021354 0.039815
0 0.685156 0.483333 0.036979 0.055556
