0 0.219531 0.429167 0.053125 0.041667
0 0.282813 0.433333 0.059375 0.044444
0 0.244922 0.450694 0.036719 0.045833
0 0.153125 0.454167 0.045312 0.050000
0 0.281250 0.472917 0.040625 0.043056
0 0.217188 0.520833 0.090625 0.094444
0 0.262109 0.525000 0.057031 0.072222
0 0.117969 0.515278 0.100000 0.105556
0 0.039844 0.482639 0.073438 0.062500
0 0.389844 0.770139 0.779687 0.456944
0 0.477344 0.643750 0.439063 0.404167
0 0.957031 0.810417 0.084375 0.376389
0 0.987500 0.600694 0.023438 0.134722
0 0.775000 0.418056 0.025000 0.036111
0 0.735938 0.469444 0.043750 0.069444
0 0.638281 0.478472 0.031250 0.070833
0 0.634375 0.457639 0.046875 0.056944
0 0.686719 0.536111 0.128125 0.186111
0 0.789062 0.494444 0.089063 0.119444
1 0.984766 0.450694 0.008594 0.056944
1 0.978516 0.451389 0.008594 0.052778
1 0.971094 0.456250 0.010937 0.065278
