0 0.916927 0.590278 0.022396 0.021296
0 0.838281 0.584722 0.021354 0.028704
0 0.765885 0.532407 0.054688 0.064815
0 0.728646 0.584259 0.021875 0.075926
0 0.759896 0.586574 0.071875 0.095370
0 0.706771 0.582870 0.027083 0.054630
0 0.690885 0.586111 0.043229 0.055556
0 0.679948 0.577315 0.028646 0.063889
0 0.625521 0.537500 0.098958 0.191667
0 0.553385 0.499074 0.050521 0.048148
0 0.464844 0.591667 0.064062 0.096296
0 0.546875 0.616204 0.142708 0.189815
0 0.048698 0.575000 0.058854 0.033333
0 0.131771 0.591204 0.053125 0.039815
0 0.197917 0.580556 0.067708 0.059259
