0 0.019792 0.497685 0.039583 0.045370
1 0.895833 0.518981 0.010417 0.054630
0 0.879167 0.523148 0.063542 0.046296
0 0.833594 0.520833 0.042188 0.043519
0 0.781250 0.518981 0.064583 0.054630
0 0.735156 0.512963 0.041146 0.044444
0 0.538021 0.506019 0.017708 0.028704
0 0.518750 0.505556 0.014583 0.025926
0 0.494792 0.502315 0.016667 0.028704
0 0.473958 0.500000 0.018750 0.025926
0 0.434896 0.506944 0.011458 0.021296
0 0.413021 0.512037 0.015625 0.024074
0 0.426563 0.498611 0.013542 0.032407
0 0.291667 0.498148 0.019792 0.025926
