0 0.139063 0.470833 0.051042 0.045370
0 0.467187 0.534259 0.063542 0.100000
0 0.488802 0.475000 0.019271 0.055556
0 0.513021 0.482870 0.041667 0.086111
0 0.573177 0.534722 0.058854 0.075000
0 0.653646 0.521759 0.060417 0.089815
0 0.739323 0.481944 0.057813 0.073148
0 0.830208 0.562963 0.115625 0.133333
0 0.969271 0.543981 0.058333 0.062037
0 0.360417 0.471759 0.019792 0.039815
0 0.316146 0.465741 0.014583 0.035185
0 0.338281 0.487963 0.022396 0.027778
0 0.477344 0.465278 0.020313 0.039815
0 0.465365 0.467130 0.011979 0.036111
0 0.563542 0.492593 0.021875 0.024074
