0 0.083073 0.458796 0.081771 0.112037
0 0.192448 0.442593 0.041146 0.061111
0 0.222135 0.448611 0.036979 0.062037
0 0.252865 0.452778 0.059896 0.072222
0 0.287240 0.434722 0.030729 0.045370
0 0.303125 0.424074 0.018750 0.051852
0 0.334375 0.401852 0.060417 0.114815
0 0.422396 0.576852 0.242708 0.337037
0 0.497396 0.420833 0.025000 0.036111
0 0.482812 0.387963 0.017708 0.027778
0 0.529687 0.434722 0.044792 0.065741
0 0.563021 0.429630 0.026042 0.051852
0 0.645573 0.436111 0.165104 0.287037
0 0.735417 0.472685 0.016667 0.097222
