0 0.225781 0.206944 0.222396 0.293519
0 0.140365 0.529630 0.280729 0.400000
0 0.315625 0.499537 0.086458 0.180556
0 0.359635 0.323611 0.065104 0.160185
0 0.211198 0.400000 0.422396 0.679630
0 0.429948 0.514815 0.036979 0.112963
0 0.448698 0.501852 0.041146 0.114815
0 0.472656 0.499074 0.016146 0.085185
0 0.506250 0.572685 0.093750 0.137963
0 0.550781 0.538426 0.029687 0.060185
0 0.605990 0.543056 0.061979 0.089815
0 0.683333 0.571296 0.117708 0.137037
0 0.877083 0.643519 0.244792 0.309259
0 0.555469 0.504630 0.051562 0.109259
