0 0.118750 0.456944 0.071875 0.084259
0 0.298698 0.465741 0.023438 0.037037
0 0.361719 0.451389 0.025521 0.041667
0 0.504948 0.449074 0.015104 0.025926
0 0.534635 0.454630 0.020313 0.046296
0 0.552604 0.450000 0.013542 0.046296
0 0.571354 0.450000 0.027083 0.055556
0 0.573958 0.502778 0.042708 0.061111
0 0.671094 0.558796 0.093229 0.121296
0 0.831771 0.592593 0.272917 0.355556
0 0.450781 0.486574 0.019271 0.032407
0 0.435417 0.502778 0.036458 0.048148
0 0.395313 0.493519 0.031250 0.040741
0 0.340104 0.515741 0.048958 0.062963
0 0.489323 0.549537 0.104688 0.158333
0 0.232292 0.561111 0.175000 0.240741
