0 0.264323 0.581481 0.130729 0.162963
0 0.340625 0.484259 0.081250 0.168519
0 0.408854 0.540741 0.051042 0.066667
0 0.441667 0.529630 0.031250 0.040741
0 0.460938 0.523148 0.021875 0.035185
0 0.497917 0.537037 0.055208 0.077778
0 0.534896 0.497222 0.028125 0.072222
0 0.515885 0.505556 0.013021 0.033333
0 0.540365 0.522685 0.020313 0.032407
0 0.550521 0.525926 0.012500 0.037037
0 0.595313 0.477315 0.090625 0.208333
0 0.648438 0.519444 0.019792 0.044444
0 0.908073 0.522222 0.147396 0.298148
0 0.963281 0.512037 0.072396 0.779630
