0 0.177344 0.481019 0.107813 0.071296
0 0.278125 0.479630 0.061458 0.068519
0 0.326042 0.563426 0.108333 0.136111
0 0.413021 0.533333 0.062500 0.088889
0 0.487240 0.559259 0.097396 0.131481
0 0.372135 0.494444 0.024479 0.035185
0 0.501823 0.475463 0.036979 0.037963
0 0.526042 0.493981 0.014583 0.037963
0 0.534896 0.510648 0.017708 0.030556
0 0.569531 0.501852 0.051562 0.096296
0 0.594531 0.537500 0.056771 0.073148
0 0.700521 0.563889 0.154167 0.207407
0 0.610938 0.501852 0.032292 0.081481
0 0.442448 0.516667 0.017188 0.042593
