0 0.140885 0.473148 0.103646 0.075926
0 0.231510 0.587037 0.177604 0.240741
0 0.309375 0.494907 0.031250 0.030556
0 0.390625 0.542593 0.071875 0.103704
0 0.445312 0.525926 0.031250 0.055556
0 0.515104 0.477778 0.111458 0.264815
0 0.591927 0.538426 0.043229 0.063889
0 0.932292 0.565741 0.134375 0.170370
0 0.722656 0.562037 0.146354 0.203704
0 0.656250 0.512037 0.041667 0.092593
0 0.731510 0.444444 0.124479 0.166667
0 0.629427 0.494907 0.055729 0.113889
0 0.690625 0.405556 0.030208 0.074074
0 0.716406 0.401389 0.047396 0.080556
0 0.752865 0.410648 0.081771 0.097222
