0 0.067708 0.425000 0.135417 0.270370
0 0.115104 0.512963 0.118750 0.142593
0 0.219792 0.493981 0.065625 0.091667
0 0.297917 0.517130 0.119792 0.154630
0 0.357292 0.477315 0.043750 0.073148
0 0.379167 0.459259 0.018750 0.035185
0 0.395833 0.468519 0.016667 0.044444
0 0.297656 0.416667 0.024479 0.046296
0 0.263802 0.441204 0.015104 0.021296
0 0.251823 0.435648 0.015104 0.023148
0 0.229687 0.425000 0.014583 0.020370
0 0.182292 0.404167 0.019792 0.026852
0 0.415885 0.450926 0.028646 0.114815
0 0.497396 0.493056 0.153125 0.260185
0 0.597656 0.497685 0.068229 0.104630
0 0.626042 0.482407 0.018750 0.061111
0 0.763802 0.492130 0.095312 0.123148
