0 0.078385 0.507870 0.040104 0.023148
0 0.311719 0.503241 0.024479 0.023148
0 0.334896 0.504167 0.023958 0.023148
0 0.529427 0.592593 0.160938 0.216667
0 0.593229 0.518519 0.036458 0.053704
0 0.651563 0.543056 0.092708 0.123148
0 0.647135 0.474537 0.068229 0.062037
0 0.727604 0.525463 0.077083 0.110185
0 0.771354 0.519444 0.013542 0.035185
0 0.786458 0.518056 0.033333 0.049074
0 0.870833 0.621296 0.257292 0.301852
0 0.984896 0.401389 0.029167 0.247222
0 0.606250 0.496296 0.020833 0.025926
0 0.476823 0.500463 0.013021 0.036111
