0 0.389453 0.406250 0.099219 0.051389
0 0.323828 0.382639 0.067969 0.101389
0 0.194531 0.398611 0.085938 0.058333
0 0.180469 0.447917 0.029687 0.062500
0 0.204687 0.457639 0.043750 0.068056
0 0.253125 0.454167 0.025000 0.058333
0 0.273828 0.459028 0.025781 0.068056
0 0.287500 0.466667 0.034375 0.063889
0 0.321875 0.472917 0.057813 0.087500
0 0.364063 0.465278 0.028125 0.063889
0 0.410547 0.465278 0.060156 0.097222
0 0.419531 0.480556 0.035937 0.077778
0 0.431250 0.488889 0.029687 0.088889
0 0.458203 0.495833 0.061719 0.102778
0 0.485547 0.507639 0.066406 0.112500
0 0.530469 0.524306 0.107813 0.137500
0 0.701562 0.601389 0.214062 0.297222
