0 0.023958 0.589815 0.047917 0.166667
0 0.347396 0.496759 0.052083 0.054630
0 0.513021 0.537037 0.037500 0.051852
0 0.535417 0.503704 0.020833 0.048148
0 0.574479 0.537037 0.038542 0.051852
0 0.565365 0.502315 0.022396 0.052778
0 0.610677 0.463889 0.031771 0.042593
0 0.611979 0.512963 0.029167 0.037037
0 0.595573 0.464352 0.013021 0.039815
0 0.601302 0.493519 0.055729 0.109259
0 0.692448 0.473611 0.076563 0.073148
0 0.658333 0.537037 0.025000 0.053704
0 0.716146 0.583796 0.147917 0.167593
0 0.966667 0.550000 0.065625 0.272222
