0 0.459635 0.325926 0.189062 0.142593
0 0.752604 0.411574 0.015625 0.025000
0 0.786458 0.400000 0.064583 0.062963
0 0.806771 0.421296 0.036458 0.055556
0 0.834115 0.422685 0.027604 0.037963
0 0.855990 0.431944 0.031771 0.034259
0 0.881510 0.438426 0.040104 0.043519
0 0.910937 0.450000 0.022917 0.033333
0 0.938281 0.456019 0.023438 0.034259
0 0.959635 0.464815 0.017188 0.027778
1 0.172917 0.369907 0.006250 0.036111
1 0.186719 0.371759 0.006771 0.036111
1 0.200260 0.370370 0.005729 0.035185
1 0.204427 0.370370 0.004687 0.037037
1 0.210156 0.368056 0.006771 0.039815
1 0.216406 0.370370 0.005729 0.035185
1 0.223698 0.370370 0.006771 0.035185
1 0.233073 0.372222 0.005729 0.029630
1 0.243750 0.364352 0.006250 0.037963
1 0.252865 0.368056 0.005729 0.039815
1 0.258594 0.370833 0.007812 0.037963
1 0.266146 0.364815 0.008333 0.040741
1 0.281250 0.367593 0.009375 0.038889
1 0.655208 0.383333 0.006250 0.027778
1 0.580729 0.367130 0.003125 0.028704
1 0.584115 0.370370 0.004687 0.029630
1 0.701042 0.401852 0.014583 0.024074
1 0.704167 0.395370 0.007292 0.033333
