0 0.013802 0.723611 0.027604 0.234259
0 0.212500 0.504630 0.066667 0.025926
0 0.158073 0.506944 0.056771 0.023148
0 0.255990 0.492593 0.041146 0.050000
0 0.343229 0.497685 0.035417 0.032407
0 0.401042 0.499537 0.034375 0.025000
0 0.440365 0.488426 0.033854 0.043519
0 0.464844 0.487037 0.019271 0.042593
0 0.483333 0.530556 0.038542 0.055556
0 0.530990 0.536111 0.063021 0.092593
0 0.584896 0.528704 0.044792 0.066667
0 0.603125 0.510185 0.018750 0.042593
0 0.617708 0.507870 0.012500 0.028704
0 0.636198 0.501389 0.025521 0.067593
0 0.658594 0.513426 0.020313 0.036111
0 0.663542 0.493519 0.026042 0.051852
