0 0.116406 0.449537 0.231771 0.513889
0 0.445833 0.501852 0.014583 0.029630
0 0.565365 0.546296 0.089063 0.125926
0 0.521615 0.507407 0.024479 0.053704
0 0.505208 0.506481 0.013542 0.025926
0 0.488281 0.528704 0.033854 0.048148
0 0.479687 0.516667 0.019792 0.035185
0 0.473958 0.508796 0.014583 0.026852
0 0.611198 0.525000 0.021354 0.042593
0 0.668490 0.518981 0.030729 0.034259
0 0.437760 0.520370 0.020313 0.033333
0 0.411719 0.543519 0.051562 0.096296
0 0.383594 0.562500 0.096354 0.123148
0 0.226042 0.494444 0.018750 0.037037
0 0.978646 0.558796 0.040625 0.125000
0 0.497396 0.481944 0.021875 0.045370
