0 0.040104 0.599074 0.080208 0.231481
0 0.059635 0.552315 0.078646 0.102778
0 0.092969 0.493519 0.035937 0.031481
0 0.177604 0.458333 0.136458 0.112963
0 0.128385 0.561111 0.070312 0.129630
0 0.201042 0.579630 0.135417 0.190741
0 0.264323 0.492593 0.023438 0.035185
0 0.416146 0.680556 0.380208 0.572222
0 0.559375 0.494907 0.021875 0.089815
0 0.605469 0.462963 0.064062 0.096296
0 0.626563 0.514815 0.063542 0.137037
0 0.689844 0.552315 0.095312 0.117593
0 0.789583 0.582870 0.061458 0.191667
0 0.905469 0.581944 0.188021 0.406481
