0 0.887109 0.486806 0.192969 0.406944
0 0.769922 0.521528 0.080469 0.209722
0 0.686719 0.499306 0.101562 0.206944
0 0.553516 0.521528 0.052344 0.087500
0 0.573047 0.475694 0.142969 0.090278
1 0.591406 0.499306 0.015625 0.051389
0 0.415234 0.506944 0.067969 0.044444
0 0.366797 0.486111 0.033594 0.041667
0 0.401172 0.485417 0.033594 0.031944
0 0.331641 0.490278 0.028906 0.036111
0 0.352344 0.544444 0.093750 0.069444
0 0.264844 0.534028 0.093750 0.184722
0 0.177734 0.520833 0.047656 0.044444
0 0.135937 0.490972 0.034375 0.037500
0 0.097266 0.563194 0.111719 0.145833
0 0.138672 0.631250 0.132031 0.184722
0 0.493359 0.490278 0.027344 0.052778
0 0.630469 0.514583 0.021875 0.073611
