0 0.079427 0.657407 0.158854 0.366667
0 0.111979 0.478241 0.073958 0.082407
0 0.246875 0.545833 0.070833 0.119444
0 0.322917 0.548611 0.129167 0.197222
0 0.389583 0.536111 0.028125 0.068519
0 0.430990 0.541667 0.065104 0.087037
0 0.474740 0.535185 0.040104 0.062963
0 0.514323 0.531481 0.031771 0.050000
0 0.549219 0.541204 0.045312 0.060185
0 0.575260 0.527315 0.023438 0.037963
0 0.594010 0.525463 0.019271 0.030556
0 0.621354 0.526852 0.023958 0.035185
0 0.639583 0.524537 0.015625 0.025000
0 0.110937 0.540278 0.067708 0.126852
0 0.638281 0.504630 0.016146 0.035185
0 0.631510 0.509259 0.014063 0.024074
0 0.498177 0.529630 0.013021 0.029630
