0 0.208854 0.599074 0.212500 0.250000
0 0.445052 0.513889 0.018229 0.024074
0 0.507031 0.508796 0.015104 0.028704
0 0.544271 0.523611 0.029167 0.039815
0 0.562500 0.513426 0.015625 0.023148
0 0.611198 0.509259 0.035937 0.070370
0 0.638281 0.517130 0.016146 0.036111
0 0.651302 0.518981 0.025521 0.039815
0 0.663802 0.523148 0.026562 0.040741
0 0.691667 0.522222 0.041667 0.057407
0 0.730990 0.527315 0.051562 0.063889
0 0.747135 0.504630 0.027604 0.024074
0 0.687240 0.481019 0.028646 0.039815
0 0.797135 0.530556 0.084896 0.092593
0 0.867188 0.522222 0.050000 0.083333
0 0.916406 0.549537 0.111979 0.104630
0 0.958073 0.587500 0.082812 0.193519
0 0.985938 0.479630 0.027083 0.077778
