0 0.295573 0.478704 0.056771 0.051852
0 0.454427 0.488889 0.026562 0.024074
0 0.533854 0.478241 0.019792 0.026852
0 0.514583 0.562963 0.111458 0.148148
0 0.576302 0.501389 0.022396 0.032407
0 0.597656 0.492130 0.017188 0.023148
0 0.614323 0.468981 0.030729 0.036111
0 0.648698 0.485185 0.021354 0.029630
0 0.603125 0.524537 0.035417 0.071296
0 0.625781 0.535648 0.060937 0.089815
0 0.702083 0.562500 0.119792 0.167593
0 0.791667 0.547222 0.060417 0.111111
0 0.854948 0.556944 0.113021 0.149074
0 0.983073 0.760185 0.032813 0.435185
0 0.265885 0.492130 0.013021 0.025000
