0 0.044010 0.424074 0.088021 0.125926
0 0.117969 0.653704 0.235937 0.355556
0 0.349219 0.558796 0.090104 0.123148
0 0.425000 0.511574 0.039583 0.075000
0 0.432292 0.538426 0.021875 0.052778
0 0.485938 0.565278 0.114583 0.171296
0 0.512240 0.498148 0.034896 0.057407
0 0.574219 0.511574 0.027604 0.058333
0 0.595052 0.527778 0.019271 0.040741
0 0.627344 0.558796 0.080729 0.102778
0 0.680990 0.539815 0.042188 0.059259
0 0.719792 0.549074 0.056250 0.081481
0 0.770052 0.555093 0.078646 0.099074
0 0.853646 0.569444 0.122917 0.142593
