0 0.775260 0.510648 0.018229 0.036111
0 0.731771 0.482870 0.017708 0.030556
0 0.681771 0.518981 0.028125 0.049074
0 0.642969 0.484259 0.035937 0.038889
0 0.585417 0.482870 0.041667 0.045370
0 0.465365 0.479630 0.050521 0.053704
0 0.332813 0.469444 0.086458 0.075926
0 0.243229 0.488426 0.065625 0.036111
0 0.417969 0.551852 0.075521 0.107407
0 0.550781 0.554167 0.088021 0.126852
0 0.601823 0.534722 0.035937 0.049074
0 0.645833 0.514815 0.021875 0.033333
0 0.660417 0.542593 0.048958 0.066667
0 0.721875 0.568056 0.092708 0.119444
0 0.352604 0.491667 0.047917 0.029630
