1 0.857812 0.470833 0.015625 0.086111
0 0.061719 0.421528 0.087500 0.151389
0 0.049219 0.490972 0.056250 0.081944
0 0.144141 0.418056 0.049219 0.052778
0 0.153906 0.585417 0.187500 0.270833
0 0.062891 0.777083 0.125781 0.443056
0 0.247656 0.558333 0.062500 0.150000
0 0.264844 0.522222 0.075000 0.136111
0 0.234766 0.417361 0.049219 0.059722
0 0.292187 0.433333 0.051562 0.044444
0 0.308203 0.478472 0.021094 0.056944
0 0.328906 0.486111 0.029687 0.072222
0 0.352344 0.478472 0.039062 0.070833
0 0.381250 0.479167 0.057813 0.055556
0 0.412891 0.477083 0.074219 0.048611
0 0.451562 0.747917 0.373437 0.501389
0 0.453125 0.467361 0.028125 0.034722
0 0.528516 0.403472 0.136719 0.237500
0 0.626563 0.563889 0.112500 0.161111
0 0.819531 0.674306 0.267188 0.323611
0 0.982422 0.848611 0.033594 0.300000
0 0.642188 0.493750 0.068750 0.084722
0 0.699219 0.488194 0.045312 0.059722
0 0.746875 0.521528 0.104688 0.126389
0 0.848828 0.488889 0.097656 0.063889
0 0.621094 0.452083 0.050000 0.029167
0 0.176172 0.424306 0.019531 0.048611
