0 0.130208 0.502778 0.071875 0.029630
0 0.209896 0.494907 0.067708 0.047222
0 0.254688 0.501852 0.022917 0.029630
0 0.498437 0.603704 0.160417 0.227778
0 0.548438 0.480093 0.044792 0.045370
0 0.569010 0.508796 0.044271 0.091667
0 0.610417 0.546759 0.075000 0.091667
0 0.661719 0.490278 0.016146 0.032407
0 0.679167 0.513426 0.046875 0.067593
0 0.659115 0.537963 0.045312 0.062963
0 0.703906 0.524537 0.030729 0.054630
0 0.920052 0.488889 0.044271 0.024074
0 0.804688 0.591667 0.240625 0.274074
0 0.952083 0.584259 0.094792 0.175926
