0 0.120833 0.637037 0.241667 0.294444
0 0.021094 0.509259 0.042188 0.044444
0 0.445312 0.535185 0.030208 0.051852
0 0.395052 0.475926 0.015104 0.031481
0 0.510677 0.576852 0.139063 0.205556
0 0.571875 0.512500 0.047917 0.110185
0 0.614583 0.548611 0.056250 0.091667
0 0.691146 0.562500 0.130208 0.175000
0 0.416146 0.550463 0.051042 0.065741
0 0.340885 0.515278 0.019271 0.023148
0 0.355208 0.501852 0.014583 0.024074
0 0.394792 0.475926 0.014583 0.031481
0 0.372917 0.500000 0.014583 0.029630
0 0.456510 0.467593 0.011979 0.024074
