0 0.024219 0.473611 0.026562 0.038889
0 0.260937 0.540972 0.031250 0.104167
0 0.217188 0.552778 0.081250 0.150000
0 0.212500 0.588889 0.075000 0.144444
0 0.211328 0.624306 0.061719 0.179167
0 0.115625 0.652083 0.207813 0.304167
0 0.057031 0.765972 0.114062 0.465278
0 0.278516 0.505556 0.032031 0.055556
0 0.291016 0.518750 0.030469 0.065278
0 0.305469 0.521528 0.021875 0.081944
0 0.336719 0.522917 0.060937 0.112500
0 0.370312 0.550000 0.092188 0.113889
0 0.444531 0.614583 0.295312 0.179167
0 0.401953 0.822917 0.532031 0.351389
0 0.470703 0.426389 0.116406 0.202778
0 0.541406 0.484722 0.103125 0.077778
0 0.532813 0.526389 0.071875 0.052778
0 0.639062 0.506250 0.121875 0.051389
0 0.607031 0.592361 0.114062 0.165278
0 0.650391 0.627778 0.058594 0.200000
0 0.759766 0.655556 0.242969 0.338889
0 0.878516 0.761111 0.241406 0.405556
0 0.955859 0.863194 0.086719 0.270833
0 0.955469 0.465278 0.057813 0.052778
0 0.933203 0.524306 0.132031 0.079167
0 0.385156 0.554167 0.114062 0.097222
0 0.359375 0.527778 0.075000 0.083333
