0 0.084375 0.499537 0.161458 0.330556
0 0.166146 0.620833 0.256250 0.299074
0 0.341667 0.488426 0.141667 0.297222
0 0.410156 0.461574 0.120313 0.267593
0 0.587760 0.589815 0.214062 0.342593
0 0.467448 0.465278 0.017188 0.206481
0 0.705990 0.555556 0.066146 0.124074
0 0.892708 0.581019 0.212500 0.797222
0 0.479948 0.494907 0.023438 0.076852
0 0.486198 0.573148 0.039062 0.161111
0 0.501563 0.473611 0.030208 0.069444
0 0.976823 0.359259 0.045312 0.353704
0 0.258594 0.527778 0.026562 0.064815
0 0.256250 0.509722 0.028125 0.037963
0 0.475521 0.527315 0.013542 0.060185
