0 0.173958 0.311111 0.054167 0.105556
0 0.221615 0.327315 0.023438 0.034259
0 0.282031 0.314815 0.026562 0.051852
0 0.505729 0.333333 0.066667 0.057407
0 0.515625 0.351389 0.042708 0.026852
0 0.547396 0.351852 0.046875 0.037037
0 0.572917 0.356481 0.031250 0.031481
0 0.599479 0.361111 0.053125 0.040741
0 0.627865 0.358796 0.032813 0.041667
0 0.644531 0.370833 0.035937 0.032407
0 0.677083 0.374074 0.032292 0.035185
0 0.705208 0.381944 0.025000 0.028704
0 0.726823 0.388426 0.018229 0.023148
0 0.769531 0.391204 0.019271 0.030556
0 0.929427 0.482407 0.056771 0.087037
0 0.971615 0.504630 0.055729 0.107407
1 0.939323 0.481481 0.017188 0.098148
1 0.979427 0.488426 0.021354 0.089815
1 0.259115 0.330093 0.015104 0.049074
1 0.366927 0.330556 0.005729 0.025926
1 0.396875 0.331481 0.005208 0.027778
1 0.307292 0.327315 0.004167 0.028704
0 0.258594 0.342593 0.015104 0.038889
1 0.055469 0.346296 0.004687 0.031481
