0 0.024740 0.486111 0.049479 0.048148
0 0.161458 0.453704 0.225000 0.351852
0 0.254427 0.580556 0.151562 0.188889
0 0.383073 0.543519 0.084896 0.107407
0 0.366146 0.469907 0.039583 0.045370
0 0.417187 0.482870 0.041667 0.078704
0 0.452604 0.475463 0.019792 0.041667
0 0.436198 0.520833 0.022396 0.052778
0 0.494010 0.560648 0.126562 0.187963
0 0.541406 0.469907 0.028646 0.049074
0 0.567969 0.504167 0.043229 0.078704
0 0.581250 0.529630 0.028125 0.068519
0 0.654167 0.481944 0.138542 0.247222
0 0.722135 0.518981 0.048438 0.113889
0 0.846615 0.572685 0.242188 0.347222
0 0.934115 0.518519 0.055729 0.059259
0 0.548177 0.488426 0.020313 0.045370
