0 0.503516 0.356944 0.021094 0.052778
0 0.346484 0.449306 0.032031 0.048611
0 0.308594 0.447917 0.043750 0.059722
0 0.326953 0.490972 0.030469 0.048611
0 0.307031 0.497917 0.031250 0.043056
0 0.292187 0.499306 0.029687 0.034722
0 0.232422 0.520139 0.078906 0.137500
0 0.201563 0.441667 0.065625 0.108333
0 0.144922 0.456944 0.050781 0.063889
0 0.162500 0.538889 0.068750 0.108333
0 0.123828 0.558333 0.077344 0.105556
0 0.059766 0.575000 0.075781 0.125000
0 0.025781 0.570833 0.051562 0.191667
0 0.067578 0.443056 0.135156 0.158333
0 0.418750 0.434722 0.056250 0.077778
0 0.368750 0.528472 0.079687 0.120833
0 0.275781 0.605556 0.150000 0.191667
0 0.473438 0.562500 0.164062 0.236111
0 0.442188 0.786111 0.279687 0.425000
0 0.547656 0.488194 0.040625 0.081944
0 0.603125 0.531250 0.098437 0.156944
0 0.745313 0.646528 0.193750 0.245833
0 0.959766 0.483333 0.078906 0.125000
0 0.713281 0.454167 0.039062 0.055556
0 0.726172 0.443056 0.088281 0.072222
