0 0.398047 0.453472 0.049219 0.051389
0 0.412109 0.438889 0.066406 0.077778
0 0.514062 0.463889 0.057813 0.136111
0 0.554688 0.438194 0.046875 0.109722
0 0.668750 0.422222 0.018750 0.041667
0 0.473438 0.512500 0.068750 0.102778
0 0.427734 0.554861 0.060156 0.151389
0 0.314063 0.578472 0.187500 0.290278
0 0.226172 0.561806 0.032031 0.134722
0 0.462109 0.457639 0.030469 0.034722
0 0.602344 0.493056 0.064062 0.088889
0 0.630469 0.452083 0.039062 0.054167
0 0.709375 0.474306 0.053125 0.087500
0 0.713281 0.488889 0.057813 0.108333
0 0.780078 0.448611 0.042969 0.058333
0 0.811328 0.457639 0.055469 0.051389
0 0.838672 0.579861 0.177344 0.220833
0 0.902734 0.488194 0.091406 0.137500
0 0.023438 0.625000 0.046875 0.277778
0 0.053516 0.527083 0.069531 0.065278
0 0.748437 0.521528 0.046875 0.120833
1 0.748828 0.500000 0.038281 0.136111
0 0.681641 0.447917 0.030469 0.045833
