0 0.127083 0.433796 0.082292 0.076852
0 0.147917 0.476852 0.083333 0.083333
0 0.194792 0.553704 0.194792 0.227778
0 0.325521 0.450926 0.026042 0.035185
0 0.354167 0.487500 0.039583 0.052778
0 0.381510 0.442593 0.016146 0.037037
0 0.389844 0.443981 0.016146 0.034259
0 0.403646 0.435185 0.013542 0.025926
0 0.419792 0.437500 0.014583 0.021296
0 0.405208 0.487500 0.053125 0.076852
0 0.444010 0.479167 0.028646 0.043519
0 0.463802 0.470370 0.016146 0.020370
0 0.476042 0.437500 0.013542 0.026852
0 0.487500 0.466667 0.029167 0.072222
0 0.524479 0.450926 0.020833 0.051852
