0 0.198177 0.518056 0.053646 0.087963
0 0.214844 0.489352 0.023438 0.039815
0 0.225000 0.476852 0.022917 0.035185
0 0.175260 0.470370 0.020313 0.027778
0 0.168229 0.464815 0.016667 0.027778
0 0.139063 0.450463 0.033333 0.063889
0 0.190625 0.458333 0.014583 0.027778
0 0.261979 0.488889 0.027083 0.042593
0 0.308854 0.486574 0.032292 0.049074
0 0.362500 0.516667 0.045833 0.062963
0 0.405469 0.534722 0.063021 0.080556
0 0.465625 0.508796 0.042708 0.050926
0 0.359115 0.488426 0.028646 0.023148
0 0.039323 0.492130 0.030729 0.043519
0 0.031771 0.447685 0.015625 0.023148
0 0.006771 0.446296 0.013542 0.025926
0 0.277865 0.515278 0.047396 0.071296
0 0.055729 0.451389 0.014583 0.023148
