0 0.192188 0.421528 0.104688 0.062500
0 0.143750 0.459028 0.145313 0.093056
0 0.121094 0.428472 0.062500 0.062500
0 0.267578 0.470139 0.077344 0.123611
0 0.282031 0.437500 0.075000 0.152778
0 0.329688 0.431250 0.037500 0.120833
0 0.216797 0.513194 0.094531 0.123611
1 0.294141 0.493056 0.019531 0.133333
0 0.608984 0.424306 0.075781 0.181944
0 0.676562 0.407639 0.059375 0.068056
0 0.669141 0.426389 0.044531 0.055556
1 0.698828 0.413889 0.016406 0.061111
1 0.728906 0.404167 0.017188 0.050000
1 0.770703 0.390278 0.010156 0.044444
0 0.815625 0.486806 0.214062 0.190278
0 0.953516 0.511111 0.091406 0.233333
0 0.068750 0.652778 0.137500 0.547222
