0 0.018750 0.754167 0.037500 0.456481
0 0.117448 0.538889 0.113021 0.151852
0 0.310937 0.525463 0.045833 0.062037
0 0.355729 0.487500 0.038542 0.047222
0 0.438021 0.543056 0.053125 0.084259
0 0.498958 0.562037 0.094792 0.137037
0 0.557552 0.538426 0.038021 0.047222
0 0.584635 0.527315 0.023438 0.030556
0 0.597135 0.493981 0.034896 0.034259
0 0.606771 0.518981 0.015625 0.021296
0 0.625781 0.541667 0.034896 0.044444
0 0.644010 0.526389 0.017188 0.026852
0 0.670833 0.526389 0.020833 0.036111
0 0.694271 0.520370 0.014583 0.024074
0 0.724219 0.568981 0.016146 0.058333
0 0.781771 0.566667 0.112500 0.220370
