0 0.226302 0.462037 0.014063 0.024074
0 0.265104 0.468519 0.016667 0.024074
0 0.307031 0.475926 0.020313 0.024074
0 0.326823 0.495370 0.014063 0.025926
0 0.364844 0.483796 0.020313 0.026852
0 0.345313 0.534722 0.030208 0.050926
0 0.319531 0.543981 0.041146 0.075000
0 0.257552 0.589815 0.143229 0.175926
0 0.088281 0.629630 0.176563 0.361111
0 0.467969 0.454630 0.128646 0.024074
0 0.553646 0.446759 0.056250 0.043519
0 0.651823 0.562037 0.072396 0.101852
0 0.729167 0.591667 0.097917 0.172222
0 0.872656 0.601389 0.253646 0.343519
0 0.483073 0.710648 0.346354 0.504630
