0 0.083333 0.384259 0.044792 0.040741
0 0.126302 0.374074 0.031771 0.044444
0 0.152604 0.372685 0.063542 0.045370
0 0.208333 0.367593 0.059375 0.040741
0 0.266927 0.362500 0.050521 0.037963
0 0.310156 0.358796 0.074479 0.043519
0 0.365885 0.357407 0.036979 0.042593
0 0.479948 0.332407 0.190104 0.100000
0 0.593750 0.369444 0.035417 0.037037
0 0.620573 0.372222 0.071354 0.044444
0 0.733854 0.389352 0.060417 0.049074
0 0.852344 0.379630 0.176563 0.159259
0 0.969531 0.341667 0.059896 0.372222
1 0.852865 0.425926 0.016146 0.037037
