0 0.657552 0.476852 0.025521 0.042593
0 0.677604 0.478704 0.026042 0.048148
0 0.752083 0.482407 0.053125 0.075926
0 0.822917 0.468981 0.022917 0.076852
0 0.947396 0.475926 0.104167 0.135185
0 0.956771 0.487500 0.085417 0.123148
0 0.599479 0.509259 0.089583 0.127778
0 0.490885 0.504630 0.068229 0.105556
0 0.463021 0.487963 0.019792 0.072222
0 0.364323 0.484722 0.033854 0.028704
0 0.314323 0.449537 0.041146 0.056481
0 0.348958 0.481481 0.021875 0.024074
0 0.300000 0.489815 0.031250 0.050000
0 0.262500 0.495370 0.045833 0.057407
0 0.213542 0.509722 0.060417 0.063889
0 0.112760 0.514815 0.081771 0.088889
0 0.044792 0.564352 0.089583 0.162037
0 0.312760 0.493981 0.048438 0.043519
