0 0.020052 0.571759 0.040104 0.058333
0 0.037760 0.541204 0.023438 0.037963
0 0.064323 0.565741 0.052604 0.079630
0 0.105990 0.560185 0.043229 0.055556
0 0.073438 0.502315 0.050000 0.075000
0 0.047135 0.494444 0.017188 0.053704
0 0.019271 0.511111 0.012500 0.027778
0 0.104948 0.518981 0.015104 0.030556
0 0.115104 0.521296 0.019792 0.025926
0 0.133073 0.508333 0.017188 0.025926
0 0.147135 0.515278 0.018229 0.028704
0 0.161198 0.516204 0.015104 0.030556
0 0.169792 0.521759 0.025000 0.025000
0 0.172396 0.547685 0.041667 0.065741
0 0.201302 0.523148 0.019271 0.044444
0 0.218229 0.527778 0.031250 0.037037
0 0.227083 0.517130 0.023958 0.025000
0 0.252083 0.534722 0.039583 0.050926
0 0.294271 0.536111 0.053125 0.079630
0 0.360156 0.497222 0.084896 0.175926
0 0.459896 0.615741 0.189583 0.259259
0 0.603125 0.499074 0.089583 0.050000
