0 0.444010 0.519907 0.020313 0.026852
0 0.502083 0.517593 0.017708 0.031481
0 0.525000 0.540741 0.035417 0.050000
0 0.537760 0.529167 0.017188 0.028704
0 0.593229 0.525000 0.028125 0.059259
0 0.619792 0.532870 0.014583 0.028704
0 0.628906 0.535648 0.023438 0.032407
0 0.658854 0.539352 0.030208 0.043519
0 0.673438 0.544907 0.034375 0.043519
0 0.645573 0.536111 0.016146 0.038889
0 0.717969 0.564815 0.084896 0.092593
0 0.672656 0.511111 0.024479 0.024074
0 0.771094 0.552315 0.051562 0.075000
0 0.816927 0.562963 0.072396 0.077778
0 0.878385 0.567130 0.082812 0.099074
0 0.952344 0.570370 0.094271 0.144444
0 0.610156 0.497685 0.017188 0.026852
