0 0.109766 0.439583 0.036719 0.084722
0 0.049219 0.442361 0.060937 0.048611
0 0.346094 0.459028 0.029687 0.037500
0 0.302734 0.476389 0.061719 0.063889
0 0.279687 0.501389 0.073438 0.102778
0 0.265234 0.540972 0.071094 0.134722
0 0.184375 0.571528 0.153125 0.212500
0 0.063281 0.729167 0.126562 0.375000
0 0.386328 0.542361 0.219531 0.137500
0 0.387109 0.799306 0.483594 0.398611
0 0.490625 0.438194 0.078125 0.187500
0 0.487891 0.505556 0.035156 0.072222
0 0.503906 0.513194 0.028125 0.084722
0 0.521094 0.521528 0.043750 0.101389
0 0.579297 0.538889 0.111719 0.169444
0 0.632422 0.583333 0.102344 0.191667
0 0.748828 0.610417 0.202344 0.337500
0 0.857812 0.702083 0.282813 0.473611
0 0.953516 0.830556 0.091406 0.336111
0 0.927344 0.446528 0.051562 0.043056
0 0.876953 0.443056 0.039844 0.055556
