0 0.162240 0.306481 0.288021 0.235185
0 0.391406 0.355556 0.090104 0.053704
0 0.460938 0.360185 0.059375 0.042593
0 0.503646 0.348148 0.027083 0.048148
1 0.443490 0.323611 0.033854 0.219444
1 0.471875 0.337500 0.035417 0.199074
1 0.603125 0.358796 0.031250 0.184259
1 0.624479 0.347685 0.029167 0.189815
1 0.663802 0.365741 0.027604 0.185185
1 0.815104 0.391667 0.023958 0.161111
0 0.725260 0.325463 0.332813 0.241667
0 0.904948 0.424074 0.039062 0.048148
0 0.931771 0.424074 0.030208 0.051852
0 0.990365 0.451852 0.018229 0.033333
