0 0.013542 0.576852 0.027083 0.125926
0 0.038802 0.525926 0.020313 0.066667
0 0.061198 0.477315 0.072396 0.141667
0 0.375781 0.482870 0.029687 0.039815
0 0.218750 0.705093 0.436458 0.586111
0 0.427604 0.601852 0.107292 0.201852
0 0.506250 0.555093 0.096875 0.186111
0 0.536719 0.527778 0.060937 0.144444
0 0.570573 0.525000 0.013021 0.092593
0 0.567187 0.506944 0.043750 0.115741
0 0.613802 0.494444 0.015104 0.022222
0 0.643490 0.496296 0.029687 0.037037
0 0.613542 0.537037 0.014583 0.042593
0 0.620052 0.545833 0.019271 0.056481
0 0.627083 0.551852 0.017708 0.068519
0 0.652604 0.556019 0.058333 0.082407
0 0.689323 0.572222 0.033854 0.124074
0 0.759635 0.587500 0.154688 0.215741
0 0.905990 0.638889 0.186979 0.320370
0 0.986458 0.394907 0.026042 0.697222
