0 0.428125 0.466667 0.018750 0.038889
0 0.384635 0.470833 0.018229 0.037963
0 0.355729 0.475463 0.042708 0.063889
0 0.317188 0.493981 0.028125 0.030556
0 0.194531 0.628704 0.221354 0.272222
0 0.481510 0.476852 0.011979 0.022222
0 0.475781 0.481019 0.016146 0.026852
0 0.503125 0.498611 0.021875 0.034259
0 0.504427 0.462963 0.015104 0.033333
0 0.511719 0.511574 0.032813 0.050926
0 0.570833 0.465278 0.015625 0.062037
0 0.552344 0.477778 0.040104 0.085185
0 0.595833 0.483796 0.017708 0.023148
0 0.622135 0.540278 0.061979 0.080556
