0 0.683594 0.410185 0.032813 0.196296
0 0.705469 0.494907 0.032813 0.032407
0 0.650781 0.480093 0.016146 0.062037
0 0.603906 0.473148 0.080729 0.159259
1 0.647135 0.497685 0.006771 0.049074
0 0.537240 0.536574 0.107813 0.169444
0 0.521875 0.447685 0.060417 0.099074
0 0.479427 0.500926 0.032813 0.048148
0 0.446875 0.511111 0.034375 0.079630
0 0.404427 0.519907 0.070312 0.152778
0 0.437760 0.463889 0.044271 0.053704
0 0.469271 0.491667 0.021875 0.042593
0 0.072917 0.517130 0.145833 0.450926
0 0.223438 0.549074 0.115625 0.138889
0 0.282552 0.539815 0.046354 0.114815
0 0.303646 0.531944 0.040625 0.099074
0 0.306250 0.512963 0.064583 0.125926
0 0.282552 0.464815 0.049479 0.038889
0 0.363542 0.486111 0.019792 0.029630
0 0.771615 0.439352 0.057813 0.087963
0 0.149740 0.531019 0.013021 0.067593
