0 0.041146 0.437037 0.081250 0.135185
0 0.024740 0.408333 0.048438 0.075926
0 0.061979 0.425463 0.039583 0.073148
0 0.057292 0.491204 0.025000 0.026852
0 0.239583 0.478241 0.030208 0.045370
0 0.263802 0.479167 0.043229 0.041667
0 0.303125 0.481944 0.028125 0.036111
0 0.351823 0.537963 0.088021 0.124074
0 0.425260 0.511111 0.048438 0.066667
0 0.495573 0.468519 0.091146 0.218519
0 0.555208 0.461574 0.032292 0.115741
0 0.554427 0.495833 0.025521 0.065741
0 0.583594 0.488426 0.051562 0.121296
0 0.627604 0.477778 0.052083 0.094444
0 0.706510 0.499537 0.122396 0.141667
0 0.693750 0.565741 0.126042 0.164815
0 0.891667 0.436574 0.215625 0.415741
0 0.020833 0.487963 0.037500 0.033333
