0 0.287500 0.447685 0.019792 0.028704
0 0.182031 0.608796 0.199479 0.258333
0 0.382552 0.497222 0.099479 0.185185
0 0.442708 0.515741 0.029167 0.044444
0 0.490625 0.485648 0.060417 0.147222
0 0.504427 0.391667 0.028646 0.027778
0 0.537500 0.430093 0.013542 0.023148
0 0.534375 0.421759 0.019792 0.025000
0 0.540104 0.435648 0.019792 0.025000
0 0.549740 0.443981 0.023438 0.028704
0 0.561198 0.463889 0.026562 0.037037
0 0.567187 0.474537 0.022917 0.041667
0 0.579688 0.488426 0.020833 0.036111
0 0.598437 0.506019 0.038542 0.054630
0 0.619271 0.478704 0.027083 0.037037
0 0.689323 0.547685 0.085938 0.115741
0 0.711719 0.512037 0.045312 0.074074
