0 0.081771 0.478704 0.094792 0.087037
0 0.152604 0.497685 0.030208 0.043519
0 0.189583 0.485185 0.048958 0.064815
0 0.327604 0.558796 0.088542 0.113889
0 0.348177 0.480556 0.075521 0.157407
0 0.303125 0.499537 0.017708 0.026852
0 0.426042 0.529630 0.043750 0.057407
0 0.445052 0.518519 0.023438 0.037037
0 0.429427 0.492130 0.016146 0.023148
0 0.386719 0.494444 0.015104 0.024074
0 0.460938 0.511111 0.019792 0.031481
0 0.498958 0.530093 0.054167 0.075000
0 0.514844 0.498611 0.014063 0.030556
0 0.534375 0.487500 0.032292 0.073148
0 0.559896 0.515741 0.017708 0.040741
0 0.613281 0.464352 0.103646 0.234259
0 0.775521 0.522222 0.047917 0.090741
0 0.851562 0.517130 0.138542 0.234259
