0 0.155990 0.518056 0.039062 0.039815
0 0.341406 0.569907 0.078646 0.119444
0 0.376563 0.549537 0.012500 0.028704
0 0.390365 0.492130 0.017188 0.032407
0 0.399219 0.507870 0.018229 0.037963
0 0.410677 0.528241 0.031771 0.063889
0 0.446354 0.557870 0.037500 0.052778
0 0.462240 0.538426 0.016146 0.032407
0 0.479167 0.555093 0.015625 0.041667
0 0.513281 0.526852 0.061979 0.120370
0 0.591406 0.562963 0.045312 0.057407
0 0.676042 0.562037 0.020833 0.057407
0 0.695052 0.574074 0.051562 0.090741
0 0.821615 0.592130 0.236979 0.330556
