0 0.042188 0.500000 0.069792 0.022222
0 0.127865 0.490741 0.071354 0.042593
0 0.529427 0.505556 0.014063 0.027778
0 0.529427 0.482870 0.020313 0.021296
0 0.557813 0.486574 0.019792 0.025000
0 0.547396 0.518056 0.034375 0.041667
0 0.588021 0.474537 0.044792 0.058333
0 0.586979 0.536574 0.065625 0.084259
0 0.626823 0.483333 0.028646 0.025926
0 0.621615 0.517593 0.022396 0.048148
0 0.646875 0.524074 0.050000 0.070370
0 0.684375 0.534259 0.048958 0.077778
0 0.723958 0.531944 0.061458 0.108333
0 0.852604 0.605093 0.285417 0.347222
0 0.851302 0.409259 0.257812 0.225926
0 0.485938 0.573611 0.121875 0.171296
