0 0.129167 0.678241 0.257292 0.552778
0 0.288281 0.582407 0.148438 0.209259
0 0.394531 0.536111 0.104688 0.187037
0 0.448437 0.507870 0.070833 0.160185
0 0.486979 0.509722 0.015625 0.087963
0 0.505469 0.523148 0.022396 0.050000
0 0.528385 0.472222 0.041146 0.051852
0 0.529948 0.530093 0.046354 0.063889
0 0.556771 0.531481 0.016667 0.072222
0 0.566667 0.537037 0.031250 0.083333
0 0.591927 0.542130 0.052604 0.097222
0 0.685417 0.580556 0.190625 0.261111
0 0.247917 0.468981 0.058333 0.036111
0 0.908333 0.656481 0.182292 0.420370
0 0.495052 0.481481 0.019271 0.077778
0 0.214062 0.510648 0.020833 0.030556
0 0.338281 0.500463 0.023438 0.028704
