0 0.069141 0.434028 0.042969 0.081944
0 0.214844 0.539583 0.098437 0.159722
0 0.146094 0.588889 0.146875 0.225000
0 0.082812 0.673611 0.165625 0.288889
0 0.287891 0.481944 0.025781 0.080556
0 0.317188 0.488194 0.053125 0.112500
0 0.359766 0.504861 0.067969 0.095833
0 0.392188 0.531250 0.178125 0.095833
0 0.415234 0.754167 0.297656 0.422222
0 0.417969 0.413889 0.100000 0.150000
0 0.486719 0.505556 0.051562 0.075000
0 0.529687 0.526389 0.082812 0.111111
0 0.620313 0.574306 0.154688 0.226389
0 0.735156 0.639583 0.179688 0.265278
0 0.878906 0.742361 0.239063 0.512500
0 0.192969 0.437500 0.021875 0.044444
0 0.328516 0.509028 0.021094 0.093056
