0 0.833333 0.467593 0.152083 0.279630
0 0.703125 0.488889 0.070833 0.098148
0 0.644271 0.486111 0.047917 0.061111
0 0.609635 0.447685 0.020313 0.028704
0 0.604427 0.468519 0.018229 0.027778
0 0.609115 0.468519 0.019271 0.033333
0 0.535156 0.548148 0.173437 0.235185
0 0.505469 0.425926 0.047396 0.044444
0 0.467448 0.456019 0.016146 0.023148
0 0.340104 0.451389 0.037500 0.032407
0 0.387240 0.497685 0.068229 0.089815
0 0.266146 0.433333 0.061458 0.068519
0 0.277344 0.418981 0.024479 0.039815
0 0.290625 0.418056 0.012500 0.034259
0 0.173177 0.561574 0.208854 0.250926
