0 0.487500 0.470833 0.045312 0.072222
0 0.465234 0.468750 0.028906 0.054167
0 0.410938 0.463194 0.087500 0.079167
0 0.324609 0.465972 0.088281 0.101389
0 0.278516 0.474306 0.019531 0.070833
0 0.236328 0.472917 0.077344 0.081944
0 0.243750 0.817361 0.487500 0.362500
0 0.704297 0.606944 0.353906 0.163889
0 0.767578 0.756944 0.463281 0.405556
0 0.570703 0.720139 0.103906 0.173611
0 0.755078 0.470833 0.139844 0.136111
0 0.855859 0.500694 0.064844 0.112500
0 0.936719 0.531250 0.092188 0.131944
0 0.987500 0.540278 0.023438 0.136111
