0 0.167969 0.391667 0.335938 0.783333
0 0.408854 0.437037 0.139583 0.214815
0 0.497396 0.437963 0.058333 0.074074
0 0.454427 0.631019 0.249479 0.332407
0 0.559115 0.520833 0.071354 0.125000
0 0.596615 0.493519 0.021354 0.027778
0 0.656510 0.511574 0.048438 0.063889
0 0.646094 0.467593 0.028646 0.050000
0 0.667188 0.497685 0.032292 0.058333
0 0.685677 0.488426 0.015104 0.026852
0 0.686198 0.467130 0.026562 0.034259
0 0.716927 0.468056 0.028646 0.067593
0 0.713021 0.452778 0.019792 0.024074
0 0.713542 0.479167 0.018750 0.023148
0 0.734896 0.473148 0.013542 0.048148
0 0.752865 0.476389 0.019271 0.043519
0 0.888802 0.477315 0.221354 0.878704
