0 0.215365 0.399074 0.315104 0.272222
1 0.391146 0.372685 0.028125 0.078704
1 0.415885 0.336111 0.019271 0.111111
1 0.415885 0.370833 0.038021 0.086111
1 0.440365 0.370370 0.044271 0.070370
1 0.467187 0.373148 0.042708 0.077778
1 0.609115 0.355556 0.021354 0.114815
1 0.685156 0.347685 0.017188 0.054630
0 0.686198 0.368981 0.022396 0.063889
1 0.716667 0.391204 0.019792 0.136111
1 0.734635 0.377778 0.016146 0.105556
1 0.748958 0.383796 0.015625 0.106481
1 0.790104 0.394444 0.017708 0.114815
1 0.883854 0.432407 0.017708 0.077778
1 0.881510 0.448611 0.024479 0.054630
0 0.898698 0.445833 0.025521 0.047222
1 0.900521 0.428704 0.014583 0.059259
0 0.974479 0.462500 0.050000 0.056481
0 0.839323 0.405556 0.018229 0.064815
