0 0.101302 0.678241 0.202604 0.397222
0 0.165365 0.546759 0.115104 0.165741
0 0.263021 0.537500 0.026042 0.089815
0 0.251823 0.524537 0.025521 0.063889
0 0.333333 0.467593 0.023958 0.031481
0 0.351302 0.490278 0.035937 0.039815
0 0.366146 0.467593 0.042708 0.048148
0 0.384115 0.535185 0.056771 0.094444
0 0.521094 0.500463 0.285938 0.680556
0 0.633854 0.505556 0.034375 0.103704
0 0.208333 0.469907 0.040625 0.049074
0 0.314844 0.560648 0.114062 0.158333
0 0.214062 0.531481 0.021875 0.075926
0 0.523958 0.359259 0.187500 0.396296
