0 0.148177 0.508796 0.092188 0.149074
0 0.238802 0.545370 0.172396 0.205556
0 0.362240 0.450926 0.018229 0.025926
0 0.362500 0.489815 0.039583 0.051852
0 0.410938 0.444444 0.013542 0.022222
0 0.421094 0.487963 0.048438 0.072222
0 0.452344 0.481019 0.026562 0.041667
0 0.471615 0.477315 0.015104 0.021296
0 0.490625 0.469444 0.028125 0.068519
0 0.482031 0.443056 0.013021 0.021296
0 0.529427 0.460185 0.021354 0.050000
0 0.270052 0.438426 0.040104 0.028704
0 0.148438 0.430556 0.061458 0.025926
0 0.405990 0.446759 0.021354 0.032407
