0 0.685156 0.397917 0.042188 0.045833
0 0.695312 0.459028 0.051562 0.095833
0 0.094141 0.500000 0.188281 0.444444
0 0.295312 0.523611 0.104688 0.158333
0 0.500391 0.443750 0.036719 0.059722
0 0.535937 0.412500 0.025000 0.038889
0 0.506250 0.465972 0.039062 0.054167
0 0.440625 0.532639 0.095312 0.129167
0 0.629687 0.452083 0.037500 0.054167
0 0.574609 0.446528 0.028906 0.043056
0 0.552344 0.468056 0.039062 0.055556
0 0.676953 0.453472 0.028906 0.054167
0 0.757031 0.515972 0.090625 0.131944
0 0.882812 0.598611 0.212500 0.300000
0 0.884766 0.435417 0.080469 0.037500
0 0.795312 0.456944 0.046875 0.075000
0 0.652734 0.437500 0.022656 0.041667
0 0.409375 0.450694 0.043750 0.034722
0 0.602344 0.493056 0.064062 0.091667
