0 0.278906 0.436111 0.060937 0.050000
0 0.213672 0.429861 0.053906 0.043056
0 0.244141 0.456944 0.044531 0.061111
0 0.196484 0.449306 0.057031 0.034722
0 0.033594 0.484028 0.067187 0.062500
0 0.015625 0.547222 0.031250 0.097222
0 0.150000 0.522917 0.137500 0.134722
0 0.106250 0.568056 0.212500 0.100000
0 0.418750 0.793056 0.829688 0.411111
0 0.468750 0.637500 0.490625 0.380556
0 0.432031 0.409722 0.068750 0.083333
0 0.480469 0.428472 0.043750 0.043056
0 0.510156 0.409722 0.054688 0.083333
0 0.574219 0.422222 0.035937 0.050000
0 0.633203 0.464583 0.044531 0.045833
0 0.651172 0.483333 0.060156 0.055556
0 0.691016 0.561111 0.110156 0.169444
0 0.727734 0.478472 0.058594 0.084722
0 0.887500 0.561111 0.134375 0.166667
0 0.966797 0.464583 0.064844 0.298611
