0 0.317969 0.562963 0.129688 0.164815
0 0.394271 0.518056 0.034375 0.049074
0 0.416927 0.487963 0.042188 0.085185
0 0.522396 0.544444 0.116667 0.187037
0 0.505990 0.457870 0.059896 0.100926
0 0.595573 0.532407 0.050521 0.083333
0 0.737760 0.525926 0.060937 0.088889
0 0.782552 0.542130 0.067187 0.080556
0 0.025521 0.526852 0.051042 0.079630
0 0.373698 0.504630 0.021354 0.029630
0 0.358854 0.499537 0.016667 0.030556
0 0.365885 0.465741 0.018229 0.027778
0 0.379688 0.479167 0.019792 0.030556
0 0.376823 0.448148 0.017188 0.022222
0 0.384115 0.437963 0.017188 0.024074
0 0.431510 0.433796 0.016146 0.034259
0 0.440104 0.472222 0.013542 0.025926
0 0.465365 0.475463 0.021354 0.030556
0 0.462240 0.443519 0.016146 0.038889
0 0.389062 0.466204 0.018750 0.030556
