0 0.387500 0.490741 0.023958 0.040741
0 0.486979 0.554167 0.101042 0.150926
0 0.539323 0.517130 0.024479 0.034259
0 0.528906 0.462963 0.013021 0.031481
0 0.599219 0.506481 0.017188 0.027778
0 0.602083 0.512963 0.016667 0.024074
0 0.617969 0.512037 0.018229 0.042593
0 0.640104 0.521296 0.021875 0.033333
0 0.655990 0.526389 0.028646 0.041667
0 0.682292 0.529630 0.036458 0.051852
0 0.625521 0.492593 0.015625 0.031481
0 0.718490 0.535185 0.050521 0.064815
0 0.762240 0.547685 0.034896 0.095370
0 0.843229 0.544444 0.150000 0.196296
