0 0.391406 0.497685 0.025521 0.030556
0 0.433594 0.493056 0.017188 0.032407
0 0.454167 0.494907 0.013542 0.030556
0 0.509115 0.512037 0.017188 0.029630
0 0.542969 0.501389 0.029687 0.062037
0 0.577344 0.538889 0.052604 0.072222
0 0.573698 0.488889 0.017188 0.027778
0 0.598437 0.495370 0.035417 0.087037
0 0.640885 0.496759 0.071354 0.119444
0 0.760156 0.593519 0.191146 0.198148
0 0.926562 0.271759 0.145833 0.217593
0 0.934115 0.498148 0.130729 0.166667
0 0.836979 0.472685 0.126042 0.134259
0 0.807813 0.360185 0.101042 0.135185
0 0.856250 0.430556 0.285417 0.535185
