0 0.077344 0.506019 0.154688 0.237963
0 0.285156 0.495833 0.059896 0.084259
0 0.356771 0.509722 0.095833 0.125000
0 0.424740 0.440741 0.076563 0.166667
0 0.472396 0.454167 0.028125 0.062037
0 0.512760 0.465741 0.043229 0.098148
0 0.546875 0.452315 0.014583 0.034259
0 0.568229 0.450000 0.015625 0.037037
0 0.610156 0.462500 0.018229 0.037963
0 0.622656 0.467593 0.014063 0.037037
0 0.650521 0.491667 0.068750 0.100000
0 0.685156 0.478704 0.018229 0.059259
0 0.779687 0.491667 0.059375 0.075926
0 0.847656 0.494907 0.084896 0.113889
0 0.952344 0.443981 0.094271 0.343519
