0 0.974219 0.570370 0.050521 0.122222
0 0.860417 0.557407 0.090625 0.087037
0 0.752604 0.564815 0.213542 0.305556
0 0.649479 0.519444 0.029167 0.061111
0 0.617708 0.481019 0.047917 0.071296
0 0.614323 0.518519 0.043229 0.051852
0 0.555469 0.537037 0.070312 0.088889
0 0.533333 0.502315 0.033333 0.049074
0 0.499479 0.518981 0.050000 0.063889
0 0.461198 0.485648 0.023438 0.034259
0 0.430208 0.523611 0.062500 0.095370
0 0.397396 0.513889 0.025000 0.053704
0 0.376823 0.499074 0.031771 0.040741
0 0.392969 0.481944 0.022396 0.025000
0 0.406771 0.472685 0.019792 0.025000
0 0.350781 0.489352 0.024479 0.032407
0 0.337240 0.442593 0.028646 0.048148
0 0.318750 0.461574 0.017708 0.023148
