0 0.050521 0.743519 0.101042 0.418519
0 0.187500 0.585185 0.212500 0.288889
0 0.036458 0.518519 0.070833 0.070370
0 0.318229 0.564352 0.111458 0.186111
0 0.377865 0.547222 0.056771 0.125926
0 0.511458 0.595370 0.229167 0.366667
0 0.513542 0.367593 0.135417 0.105556
0 0.670052 0.525926 0.040104 0.035185
0 0.736719 0.504630 0.094271 0.087037
0 0.830208 0.524074 0.033333 0.031481
0 0.963281 0.508796 0.072396 0.089815
1 0.910937 0.522222 0.013542 0.057407
1 0.963021 0.539815 0.016667 0.075926
1 0.879687 0.517130 0.005208 0.030556
