0 0.066146 0.650926 0.132292 0.550000
0 0.381771 0.546759 0.083333 0.119444
0 0.500000 0.562500 0.097917 0.126852
0 0.536198 0.531019 0.042188 0.073148
0 0.536198 0.486111 0.042188 0.064815
0 0.560677 0.506481 0.014063 0.062963
0 0.588281 0.498148 0.024479 0.027778
0 0.588021 0.525926 0.021875 0.042593
0 0.611719 0.540278 0.049479 0.065741
0 0.678906 0.558796 0.100521 0.128704
0 0.790885 0.551852 0.080729 0.092593
0 0.938281 0.495833 0.122396 0.991667
0 0.622917 0.491667 0.027083 0.029630
0 0.633073 0.506019 0.030729 0.036111
