0 0.258203 0.541667 0.038281 0.105556
0 0.195703 0.565972 0.135156 0.187500
0 0.076172 0.656250 0.152344 0.320833
0 0.289062 0.486806 0.042188 0.073611
0 0.302734 0.497917 0.030469 0.070833
0 0.307812 0.507639 0.021875 0.076389
0 0.339844 0.496528 0.053125 0.115278
0 0.347656 0.522222 0.045312 0.100000
0 0.428125 0.419444 0.103125 0.158333
0 0.411719 0.579167 0.206250 0.161111
0 0.383984 0.795139 0.371094 0.406944
0 0.480078 0.502778 0.055469 0.050000
0 0.531641 0.542361 0.096094 0.118056
0 0.638672 0.595139 0.172656 0.251389
0 0.763281 0.673611 0.239063 0.291667
0 0.949609 0.861111 0.099219 0.275000
0 0.766797 0.478472 0.099219 0.081944
0 0.869141 0.481944 0.128906 0.091667
0 0.863672 0.495833 0.046094 0.094444
0 0.398047 0.481944 0.071094 0.030556
0 0.373047 0.516667 0.086719 0.050000
