0 0.223177 0.491667 0.044271 0.038889
0 0.284635 0.485648 0.047396 0.050926
0 0.315104 0.492130 0.018750 0.034259
0 0.344792 0.485185 0.044792 0.048148
0 0.409635 0.531944 0.046354 0.065741
0 0.440625 0.523611 0.032292 0.045370
0 0.490885 0.543981 0.092188 0.132407
0 0.530990 0.493056 0.020313 0.041667
0 0.539323 0.508796 0.019271 0.041667
0 0.546615 0.518981 0.024479 0.034259
0 0.566927 0.522685 0.028646 0.041667
0 0.582031 0.531944 0.020313 0.065741
0 0.602083 0.539352 0.048958 0.087963
0 0.677344 0.513426 0.125521 0.225000
0 0.776042 0.509259 0.017708 0.033333
0 0.802083 0.515741 0.042708 0.109259
