0 0.410677 0.491667 0.032813 0.033333
0 0.072396 0.421296 0.144792 0.175926
0 0.910937 0.496296 0.045833 0.040741
0 0.811979 0.529630 0.023958 0.055556
0 0.773177 0.532870 0.056771 0.076852
0 0.860938 0.530556 0.083333 0.122222
0 0.918490 0.570370 0.108854 0.157407
0 0.939583 0.650000 0.119792 0.401852
0 0.641927 0.457407 0.018229 0.037037
0 0.650521 0.457870 0.015625 0.039815
0 0.672396 0.451389 0.036458 0.045370
0 0.663021 0.465741 0.061458 0.074074
0 0.648958 0.516204 0.043750 0.065741
0 0.619792 0.477778 0.034375 0.040741
0 0.580990 0.495833 0.045312 0.086111
0 0.553906 0.485185 0.048438 0.066667
0 0.703125 0.548611 0.103125 0.104630
0 0.607812 0.539352 0.070833 0.087963
0 0.500260 0.602778 0.170313 0.240741
