0 0.009896 0.596759 0.019792 0.113889
0 0.018750 0.555093 0.037500 0.160185
0 0.092708 0.531481 0.152083 0.281481
0 0.176042 0.560648 0.016667 0.082407
0 0.188542 0.481944 0.021875 0.058333
0 0.251042 0.570833 0.133333 0.262037
0 0.181771 0.547685 0.014583 0.062037
0 0.290625 0.476852 0.090625 0.138889
0 0.350260 0.490741 0.032813 0.081481
0 0.374740 0.505556 0.017188 0.029630
0 0.383333 0.497222 0.027083 0.027778
0 0.381771 0.464352 0.016667 0.036111
0 0.399740 0.482870 0.021354 0.030556
0 0.403385 0.472685 0.014063 0.025000
0 0.497135 0.590741 0.180729 0.290741
0 0.583333 0.468981 0.013542 0.025000
0 0.590885 0.471296 0.014063 0.025926
0 0.605729 0.477778 0.023958 0.033333
0 0.660156 0.484259 0.032813 0.042593
0 0.828125 0.599074 0.251042 0.340741
0 0.971354 0.546759 0.056250 0.204630
0 0.967708 0.482870 0.062500 0.078704
0 0.953906 0.248611 0.091146 0.487963
