0 0.308073 0.542130 0.122396 0.191667
0 0.445833 0.498611 0.026042 0.037963
0 0.501563 0.515278 0.048958 0.071296
0 0.524740 0.467593 0.023438 0.050000
0 0.599219 0.470370 0.031771 0.057407
0 0.626823 0.498148 0.026562 0.033333
0 0.692969 0.495833 0.120313 0.252778
0 0.836198 0.529167 0.073438 0.086111
0 0.978906 0.551389 0.041146 0.126852
0 0.088021 0.470833 0.081250 0.067593
0 0.560677 0.485648 0.019271 0.025000
0 0.494010 0.444444 0.014063 0.035185
0 0.463542 0.485185 0.019792 0.024074
0 0.392708 0.478241 0.016667 0.025000
0 0.359375 0.456481 0.018750 0.029630
