0 0.031771 0.439352 0.063542 0.082407
0 0.068750 0.522222 0.112500 0.116667
0 0.178646 0.452315 0.020833 0.056481
0 0.180990 0.501852 0.064062 0.172222
0 0.312760 0.435185 0.234896 0.411111
0 0.443229 0.505556 0.071875 0.107407
0 0.476823 0.497685 0.028646 0.082407
0 0.495833 0.471296 0.035417 0.068519
0 0.527604 0.458796 0.031250 0.026852
0 0.510417 0.495833 0.039583 0.052778
0 0.531250 0.482407 0.020833 0.033333
0 0.565104 0.484259 0.022917 0.042593
0 0.592448 0.462037 0.039062 0.124074
0 0.629167 0.477315 0.018750 0.023148
