1 0.988542 0.465741 0.014583 0.044444
1 0.857552 0.453241 0.011979 0.052778
1 0.840365 0.443056 0.015104 0.032407
1 0.837240 0.503241 0.023438 0.102778
1 0.763542 0.456944 0.009375 0.028704
1 0.747917 0.455093 0.009375 0.030556
0 0.831771 0.514815 0.034375 0.077778
0 0.919531 0.516204 0.145313 0.119444
0 0.655469 0.470833 0.118229 0.230556
0 0.548698 0.487037 0.027604 0.040741
0 0.532292 0.477315 0.017708 0.026852
0 0.523438 0.452315 0.022917 0.034259
0 0.492188 0.526389 0.095833 0.128704
0 0.437760 0.495833 0.039062 0.054630
0 0.422656 0.481019 0.018229 0.028704
0 0.382292 0.487500 0.031250 0.050926
0 0.373177 0.493056 0.040104 0.049074
0 0.192188 0.490741 0.051042 0.038889
