0 0.025391 0.670833 0.050781 0.330556
0 0.133984 0.575000 0.122656 0.161111
0 0.191016 0.548611 0.049219 0.108333
0 0.211719 0.531250 0.020313 0.059722
0 0.241406 0.490278 0.020313 0.052778
0 0.287891 0.494444 0.085156 0.158333
0 0.285938 0.536806 0.045312 0.073611
0 0.332813 0.536806 0.101562 0.081944
0 0.380078 0.656944 0.222656 0.302778
1 0.818359 0.580556 0.058594 0.180556
0 0.049219 0.488194 0.034375 0.045833
0 0.106250 0.469444 0.034375 0.050000
0 0.129297 0.424306 0.024219 0.034722
0 0.173047 0.441667 0.027344 0.041667
0 0.245312 0.424306 0.025000 0.037500
0 0.178906 0.413889 0.023438 0.036111
0 0.046484 0.505556 0.039844 0.052778
