0 0.147656 0.674306 0.257812 0.354167
0 0.247266 0.621528 0.122656 0.259722
0 0.294922 0.581944 0.091406 0.194444
0 0.310547 0.538889 0.097656 0.158333
0 0.325391 0.490972 0.102344 0.154167
0 0.348047 0.440278 0.067969 0.100000
0 0.466797 0.439583 0.094531 0.090278
0 0.470703 0.531944 0.119531 0.166667
0 0.596484 0.347222 0.144531 0.075000
0 0.461719 0.211111 0.029687 0.050000
0 0.482812 0.254167 0.037500 0.052778
0 0.474609 0.290278 0.049219 0.063889
0 0.482422 0.182639 0.025781 0.037500
0 0.509766 0.153472 0.022656 0.031944
