0 0.069141 0.439583 0.127344 0.106944
0 0.062500 0.474306 0.067187 0.062500
0 0.037891 0.475694 0.064844 0.065278
0 0.358984 0.422222 0.058594 0.052778
0 0.303516 0.438194 0.039844 0.048611
0 0.422266 0.424306 0.052344 0.048611
0 0.391016 0.458333 0.049219 0.083333
0 0.642578 0.396528 0.052344 0.062500
0 0.544531 0.404861 0.040625 0.040278
0 0.503516 0.437500 0.039844 0.038889
0 0.466797 0.449306 0.035156 0.040278
0 0.478125 0.480556 0.045312 0.072222
0 0.425391 0.495139 0.074219 0.093056
0 0.303516 0.504167 0.071094 0.097222
0 0.335156 0.535417 0.109375 0.134722
0 0.042578 0.615278 0.085156 0.277778
0 0.050000 0.814583 0.100000 0.368056
1 0.119922 0.470833 0.017969 0.080556
1 0.102734 0.479861 0.013281 0.087500
1 0.084766 0.475694 0.014844 0.090278
0 0.590234 0.700000 0.305469 0.508333
0 0.705078 0.556944 0.060156 0.225000
0 0.935156 0.681250 0.128125 0.337500
0 0.845313 0.545833 0.139063 0.202778
0 0.937500 0.495833 0.076563 0.105556
0 0.971484 0.438889 0.053906 0.105556
0 0.768750 0.503472 0.071875 0.126389
0 0.812891 0.404861 0.052344 0.087500
0 0.749609 0.444444 0.060156 0.177778
0 0.173828 0.506250 0.102344 0.115278
0 0.199219 0.565972 0.154688 0.209722
0 0.362109 0.440278 0.027344 0.036111
