0 0.982292 0.452315 0.033333 0.078704
0 0.862240 0.553704 0.189062 0.251852
0 0.660937 0.443981 0.018750 0.023148
0 0.654687 0.424074 0.013542 0.024074
0 0.632292 0.423611 0.021875 0.047222
0 0.628385 0.440741 0.020313 0.031481
0 0.598437 0.447222 0.012500 0.029630
0 0.589323 0.454167 0.014063 0.030556
0 0.571094 0.453241 0.026562 0.050926
0 0.564323 0.424537 0.022396 0.028704
0 0.527865 0.455093 0.029687 0.039815
0 0.468750 0.472222 0.043750 0.051852
0 0.434896 0.437037 0.015625 0.031481
0 0.417187 0.435185 0.019792 0.035185
0 0.386979 0.489352 0.063542 0.089815
0 0.255990 0.527315 0.143229 0.199074
0 0.057813 0.416667 0.115625 0.094444
0 0.606250 0.442130 0.012500 0.021296
