0 0.775260 0.584259 0.080729 0.101852
0 0.930208 0.745833 0.138542 0.506481
0 0.599479 0.562037 0.028125 0.035185
0 0.555990 0.561111 0.027604 0.040741
0 0.543229 0.531944 0.017708 0.023148
0 0.534635 0.500463 0.013021 0.025000
0 0.512500 0.493981 0.012500 0.030556
0 0.509375 0.526389 0.016667 0.023148
0 0.490885 0.577778 0.070312 0.094444
0 0.450000 0.567593 0.030208 0.053704
0 0.445052 0.530093 0.030729 0.060185
0 0.361979 0.574537 0.085417 0.121296
0 0.307031 0.567130 0.053646 0.100926
0 0.187500 0.635185 0.201042 0.216667
0 0.234115 0.512500 0.092188 0.086111
