0 0.651172 0.427778 0.100781 0.044444
0 0.644531 0.475694 0.048438 0.059722
0 0.707812 0.468056 0.056250 0.041667
0 0.677344 0.502778 0.045312 0.063889
0 0.593359 0.522222 0.089844 0.144444
0 0.437109 0.497917 0.205469 0.279167
0 0.336719 0.490972 0.076563 0.256944
0 0.248047 0.531944 0.146094 0.252778
0 0.730469 0.541667 0.100000 0.147222
0 0.804297 0.513194 0.080469 0.118056
0 0.913672 0.539583 0.171094 0.448611
0 0.929297 0.729167 0.138281 0.341667
0 0.742188 0.445139 0.028125 0.048611
0 0.711719 0.445833 0.048438 0.047222
0 0.653516 0.468750 0.067969 0.073611
0 0.546094 0.461806 0.065625 0.073611
