0 0.973177 0.485648 0.052604 0.099074
0 0.953385 0.519444 0.092188 0.170370
0 0.860417 0.539352 0.075000 0.087963
0 0.807292 0.540741 0.058333 0.068519
0 0.779948 0.533333 0.057813 0.072222
0 0.738021 0.535185 0.046875 0.059259
0 0.706510 0.527315 0.053646 0.073148
0 0.665885 0.534722 0.036979 0.047222
0 0.627604 0.517130 0.050000 0.078704
0 0.607292 0.508796 0.044792 0.093519
0 0.570833 0.538426 0.028125 0.036111
0 0.555729 0.539352 0.013542 0.036111
0 0.536979 0.545370 0.025000 0.029630
0 0.523177 0.546759 0.015104 0.030556
0 0.512500 0.547685 0.023958 0.034259
0 0.497656 0.547222 0.018229 0.035185
0 0.478385 0.553704 0.020313 0.027778
0 0.459635 0.556019 0.022396 0.028704
0 0.372135 0.556944 0.030729 0.047222
0 0.311198 0.571759 0.022396 0.028704
0 0.281250 0.567593 0.029167 0.044444
0 0.182031 0.568519 0.057813 0.072222
0 0.027604 0.583796 0.055208 0.089815
