1 0.072396 0.387037 0.010417 0.074074
1 0.094792 0.384259 0.009375 0.066667
1 0.128646 0.372222 0.013542 0.087037
1 0.193490 0.364815 0.015104 0.083333
0 0.551562 0.312037 0.154167 0.135185
1 0.530469 0.378241 0.064062 0.076852
1 0.644271 0.392130 0.060417 0.075000
1 0.681771 0.400000 0.057292 0.070370
1 0.761979 0.412037 0.039583 0.068519
0 0.649740 0.360648 0.041146 0.060185
0 0.692969 0.374074 0.041146 0.048148
0 0.678125 0.371759 0.020833 0.043519
0 0.784896 0.388889 0.038542 0.027778
0 0.812240 0.406481 0.048438 0.037037
0 0.893750 0.467593 0.211458 0.242593
0 0.277604 0.359722 0.026042 0.060185
0 0.235156 0.369444 0.019271 0.044444
1 0.007812 0.414815 0.014583 0.037037
0 0.223958 0.369907 0.013542 0.043519
