1 0.856510 0.472222 0.007812 0.051852
1 0.951823 0.518056 0.028646 0.113889
1 0.972396 0.518519 0.021875 0.114815
0 0.979427 0.468981 0.040104 0.065741
0 0.786719 0.558333 0.044271 0.170370
0 0.606250 0.631481 0.375000 0.588889
0 0.420833 0.520833 0.033333 0.078704
0 0.388802 0.501852 0.023438 0.031481
0 0.375781 0.497222 0.019271 0.031481
0 0.360417 0.492593 0.019792 0.035185
0 0.337760 0.509722 0.028646 0.034259
0 0.289844 0.488889 0.034896 0.074074
0 0.273958 0.500463 0.015625 0.050926
0 0.253385 0.495370 0.030729 0.068519
0 0.191927 0.530093 0.054688 0.065741
1 0.144792 0.497222 0.009375 0.027778
0 0.114844 0.519907 0.059896 0.097222
0 0.055469 0.541667 0.094271 0.098148
0 0.010417 0.545370 0.020833 0.087037
0 0.401823 0.485648 0.013021 0.025000
