0 0.039323 0.482870 0.059896 0.052778
0 0.136979 0.487037 0.052083 0.042593
0 0.346354 0.488426 0.021875 0.026852
0 0.022135 0.720833 0.044271 0.434259
0 0.030990 0.564352 0.061979 0.217593
0 0.238802 0.565741 0.151562 0.207407
0 0.365104 0.547222 0.072917 0.092593
0 0.401562 0.536574 0.040625 0.071296
0 0.433073 0.483796 0.027604 0.036111
0 0.450521 0.482870 0.013542 0.030556
0 0.498437 0.561574 0.126042 0.186111
0 0.544531 0.478241 0.028646 0.050926
0 0.557813 0.514352 0.013542 0.063889
0 0.582552 0.516667 0.045312 0.096296
0 0.605729 0.541204 0.060417 0.087963
0 0.671354 0.562500 0.109375 0.139815
0 0.429427 0.524074 0.032813 0.044444
