0 0.070312 0.529167 0.140625 0.200926
0 0.169792 0.503704 0.088542 0.107407
0 0.289583 0.499074 0.076042 0.118519
0 0.357812 0.521759 0.103125 0.128704
0 0.469271 0.472685 0.027083 0.049074
0 0.493750 0.485185 0.039583 0.070370
0 0.537760 0.519444 0.094271 0.124074
0 0.550000 0.441667 0.035417 0.031481
0 0.576042 0.481481 0.041667 0.074074
0 0.594271 0.473611 0.031250 0.065741
0 0.619531 0.475463 0.025521 0.036111
0 0.637500 0.471296 0.019792 0.029630
0 0.646875 0.466667 0.018750 0.031481
0 0.637500 0.445833 0.026042 0.023148
