0 0.578125 0.454861 0.028125 0.043056
0 0.557422 0.466667 0.030469 0.066667
0 0.530469 0.474306 0.042188 0.076389
0 0.517578 0.488194 0.047656 0.076389
0 0.495312 0.506250 0.056250 0.095833
0 0.453125 0.529167 0.084375 0.125000
0 0.145703 0.578472 0.153906 0.212500
0 0.287891 0.609722 0.183594 0.261111
0 0.293359 0.465278 0.071094 0.038889
0 0.416406 0.490972 0.056250 0.104167
0 0.371875 0.524306 0.059375 0.101389
0 0.040234 0.547917 0.080469 0.098611
0 0.221484 0.519444 0.025781 0.044444
0 0.259375 0.463889 0.026562 0.041667
0 0.631250 0.452083 0.040625 0.054167
0 0.717187 0.484028 0.065625 0.087500
0 0.882031 0.606250 0.195312 0.248611
0 0.950391 0.811111 0.097656 0.375000
0 0.944531 0.504861 0.109375 0.165278
0 0.809375 0.454861 0.062500 0.115278
0 0.752734 0.416667 0.060156 0.111111
0 0.670312 0.399306 0.032813 0.045833
0 0.683203 0.445833 0.033594 0.055556
0 0.658984 0.441667 0.027344 0.038889
