0 0.283203 0.429861 0.058594 0.037500
0 0.219531 0.429167 0.053125 0.041667
0 0.276562 0.453472 0.031250 0.040278
0 0.244922 0.454167 0.036719 0.055556
0 0.200000 0.449306 0.054688 0.037500
0 0.152734 0.453472 0.046094 0.048611
0 0.306250 0.477083 0.075000 0.062500
0 0.237109 0.502083 0.058594 0.081944
0 0.199219 0.517361 0.104688 0.101389
0 0.126172 0.522222 0.080469 0.094444
0 0.038672 0.483333 0.075781 0.063889
0 0.389844 0.770139 0.779687 0.456944
0 0.480078 0.647222 0.435156 0.405556
0 0.485156 0.412500 0.062500 0.066667
0 0.553516 0.434028 0.030469 0.048611
0 0.573438 0.418750 0.039062 0.068056
0 0.611719 0.458333 0.028125 0.052778
0 0.615625 0.417361 0.037500 0.043056
0 0.648047 0.454861 0.028906 0.043056
0 0.700000 0.452778 0.042188 0.041667
0 0.774609 0.497917 0.074219 0.095833
0 0.710547 0.558333 0.135156 0.172222
0 0.867188 0.534028 0.109375 0.151389
1 0.984375 0.450694 0.007812 0.059722
1 0.971094 0.456944 0.010937 0.063889
1 0.979297 0.454167 0.007031 0.058333
