0 0.165885 0.603241 0.213021 0.250926
0 0.151302 0.439815 0.102604 0.096296
0 0.268229 0.462963 0.132292 0.225926
0 0.345573 0.551852 0.106771 0.138889
0 0.394271 0.491204 0.032292 0.054630
0 0.422396 0.472222 0.034375 0.059259
0 0.448958 0.464352 0.017708 0.023148
0 0.438802 0.485185 0.023438 0.018519
0 0.495312 0.557407 0.134375 0.200000
0 0.540104 0.454167 0.030208 0.034259
0 0.572656 0.498611 0.056771 0.089815
0 0.597135 0.529630 0.041146 0.079630
0 0.699479 0.470370 0.189583 0.318519
0 0.898438 0.587963 0.201042 0.457407
0 0.547135 0.476389 0.018229 0.037963
0 0.422396 0.517130 0.040625 0.062037
