0 0.612109 0.482639 0.108594 0.168056
0 0.767969 0.406250 0.023438 0.079167
0 0.730469 0.421528 0.048438 0.054167
0 0.735938 0.414583 0.051562 0.095833
0 0.715234 0.452083 0.072656 0.079167
0 0.805469 0.481250 0.096875 0.148611
0 0.897266 0.451389 0.088281 0.125000
0 0.934766 0.486111 0.039844 0.141667
0 0.971094 0.488194 0.056250 0.590278
0 0.950781 0.490972 0.046875 0.470833
0 0.423047 0.460417 0.247656 0.337500
0 0.388281 0.448611 0.179688 0.302778
0 0.222656 0.505556 0.173437 0.297222
0 0.676172 0.421528 0.069531 0.079167
0 0.535937 0.413194 0.021875 0.059722
0 0.663672 0.429861 0.039844 0.065278
