1 0.739323 0.476389 0.017188 0.091667
1 0.677604 0.439352 0.005208 0.028704
1 0.666927 0.446296 0.013021 0.018519
1 0.660417 0.443056 0.010417 0.025000
1 0.683594 0.245833 0.004687 0.036111
1 0.672396 0.244907 0.010417 0.039815
1 0.369271 0.250000 0.009375 0.044444
0 0.228125 0.672685 0.456250 0.515741
0 0.418750 0.550000 0.117708 0.196296
0 0.458333 0.512037 0.096875 0.137037
0 0.511198 0.465278 0.032813 0.037963
0 0.577083 0.450000 0.022917 0.022222
0 0.611719 0.492130 0.071354 0.106481
0 0.684635 0.522685 0.109896 0.137963
0 0.722135 0.494444 0.050521 0.085185
