0 0.314453 0.402778 0.089844 0.097222
0 0.244141 0.454167 0.044531 0.055556
0 0.214844 0.427778 0.054688 0.041667
0 0.148047 0.453472 0.046094 0.051389
0 0.210156 0.501389 0.078125 0.105556
0 0.033984 0.479861 0.067969 0.056944
0 0.041797 0.547222 0.083594 0.113889
0 0.028906 0.564583 0.057813 0.095833
0 0.417187 0.789583 0.834375 0.418056
0 0.468359 0.632639 0.494531 0.381944
0 0.598437 0.418750 0.053125 0.087500
0 0.635547 0.471528 0.046094 0.087500
0 0.690234 0.475000 0.074219 0.111111
0 0.721875 0.464583 0.046875 0.101389
0 0.754297 0.433333 0.033594 0.069444
0 0.851953 0.528472 0.110156 0.156944
0 0.912109 0.445833 0.091406 0.188889
1 0.974609 0.456250 0.014844 0.065278
