0 0.066927 0.401389 0.131771 0.113889
0 0.169271 0.422685 0.072917 0.065741
0 0.186719 0.496759 0.095312 0.121296
0 0.259635 0.432407 0.057813 0.057407
0 0.295052 0.436574 0.015104 0.050926
0 0.350260 0.444444 0.028646 0.035185
0 0.363802 0.486111 0.044271 0.055556
0 0.410417 0.474537 0.019792 0.058333
0 0.415104 0.484722 0.012500 0.067593
0 0.465625 0.496759 0.100000 0.165741
0 0.535156 0.481944 0.030729 0.043519
0 0.579167 0.478704 0.036458 0.064815
0 0.602865 0.481481 0.014063 0.038889
0 0.624740 0.475926 0.028646 0.046296
0 0.629427 0.484722 0.020313 0.030556
0 0.650521 0.473148 0.020833 0.024074
