0 0.074609 0.752778 0.149219 0.491667
0 0.117188 0.604861 0.068750 0.179167
0 0.221484 0.539583 0.042969 0.095833
0 0.284375 0.623611 0.193750 0.263889
0 0.374609 0.477083 0.060156 0.045833
0 0.405078 0.567361 0.108594 0.173611
0 0.437500 0.534722 0.076563 0.127778
0 0.478516 0.511806 0.063281 0.098611
0 0.260156 0.465972 0.026562 0.045833
0 0.631250 0.452778 0.037500 0.052778
0 0.603906 0.491667 0.064062 0.088889
0 0.771875 0.528472 0.109375 0.148611
0 0.685547 0.448611 0.036719 0.058333
0 0.928906 0.687500 0.140625 0.375000
0 0.555078 0.460417 0.036719 0.070833
0 0.580078 0.436806 0.033594 0.034722
0 0.591016 0.422917 0.022656 0.040278
0 0.601953 0.420833 0.021094 0.050000
0 0.672266 0.429861 0.030469 0.068056
0 0.728906 0.465972 0.065625 0.120833
0 0.776563 0.427083 0.043750 0.054167
0 0.409766 0.450000 0.044531 0.033333
0 0.517188 0.477778 0.059375 0.102778
