0 0.573438 0.440278 0.029687 0.041667
0 0.044531 0.527778 0.089063 0.063889
0 0.191797 0.562500 0.127344 0.169444
0 0.301953 0.514583 0.047656 0.065278
0 0.260937 0.466667 0.025000 0.041667
0 0.425000 0.496528 0.050000 0.087500
0 0.469531 0.515278 0.079687 0.105556
0 0.532422 0.476389 0.053906 0.083333
0 0.515625 0.415278 0.032813 0.050000
0 0.403516 0.466667 0.049219 0.088889
0 0.603125 0.494444 0.062500 0.091667
0 0.630469 0.452778 0.039062 0.055556
0 0.657813 0.437500 0.021875 0.038889
0 0.683203 0.440278 0.027344 0.058333
0 0.691016 0.459722 0.021094 0.061111
0 0.703906 0.470833 0.028125 0.086111
0 0.745313 0.492361 0.078125 0.134722
0 0.774609 0.445833 0.036719 0.061111
0 0.818750 0.453472 0.053125 0.045833
0 0.822266 0.578472 0.163281 0.209722
0 0.562109 0.465278 0.019531 0.050000
0 0.670312 0.401389 0.029687 0.038889
0 0.493750 0.458333 0.026562 0.036111
