0 0.028906 0.514815 0.057813 0.105556
0 0.035937 0.426389 0.071875 0.089815
0 0.126823 0.562500 0.191146 0.223148
0 0.217448 0.446296 0.023438 0.040741
0 0.265885 0.499074 0.055729 0.068519
0 0.303385 0.484722 0.034896 0.060185
0 0.345313 0.495370 0.060417 0.088889
0 0.329688 0.449074 0.032292 0.035185
0 0.303385 0.429167 0.015104 0.030556
0 0.258333 0.455093 0.016667 0.023148
0 0.380469 0.487963 0.026562 0.046296
0 0.384896 0.475463 0.021875 0.032407
0 0.404427 0.442130 0.017188 0.037963
0 0.434115 0.520833 0.091146 0.119444
