0 0.316406 0.443056 0.013021 0.025000
0 0.292708 0.475926 0.021875 0.027778
0 0.122917 0.634259 0.245833 0.322222
0 0.377865 0.499074 0.107813 0.196296
0 0.443750 0.519444 0.032292 0.046296
0 0.491146 0.494907 0.060417 0.147222
0 0.556250 0.477315 0.020833 0.025000
0 0.567708 0.497685 0.018750 0.028704
0 0.586979 0.511574 0.033333 0.049074
0 0.617448 0.502778 0.026562 0.035185
0 0.659375 0.549537 0.075000 0.100926
0 0.690625 0.521759 0.043750 0.075000
0 0.937760 0.614352 0.123438 0.358333
0 0.543750 0.460648 0.015625 0.025000
0 0.533854 0.447685 0.016667 0.025000
0 0.502344 0.404167 0.027604 0.025000
