0 0.245052 0.492130 0.033854 0.023148
0 0.341667 0.470833 0.022917 0.043519
0 0.368490 0.465278 0.029687 0.050926
0 0.115885 0.618981 0.231771 0.334259
0 0.390365 0.520833 0.064062 0.095370
0 0.394010 0.461574 0.015104 0.023148
0 0.453646 0.486574 0.021875 0.030556
0 0.473438 0.479167 0.018750 0.026852
0 0.523438 0.463889 0.035417 0.072222
0 0.507292 0.524537 0.064583 0.089815
0 0.555208 0.490278 0.033333 0.054630
0 0.628646 0.471759 0.130208 0.247222
0 0.707292 0.520833 0.028125 0.069444
0 0.304688 0.487037 0.015625 0.022222
