0 0.008594 0.407870 0.017188 0.080556
0 0.058333 0.395370 0.106250 0.105556
0 0.126042 0.433333 0.016667 0.022222
0 0.185156 0.418519 0.021354 0.037037
0 0.144531 0.494444 0.064062 0.114815
0 0.231510 0.506944 0.143229 0.199074
0 0.320573 0.483333 0.079687 0.127778
0 0.355208 0.463426 0.027083 0.073148
0 0.353906 0.444444 0.029687 0.048148
0 0.382552 0.450463 0.014063 0.045370
0 0.286719 0.424074 0.022396 0.033333
0 0.408073 0.439352 0.044271 0.112037
0 0.486719 0.483333 0.135937 0.231481
0 0.562760 0.462037 0.011979 0.033333
0 0.576042 0.465278 0.028125 0.041667
0 0.607552 0.469907 0.038021 0.056481
0 0.631250 0.472685 0.012500 0.034259
