0 0.114844 0.617593 0.229687 0.327778
0 0.274479 0.583796 0.141667 0.189815
0 0.362760 0.545370 0.052604 0.081481
0 0.304688 0.475926 0.018750 0.031481
0 0.332813 0.475463 0.021875 0.021296
0 0.384896 0.482407 0.026042 0.027778
0 0.488281 0.672685 0.278646 0.408333
0 0.572396 0.488426 0.041667 0.037963
0 0.598437 0.533796 0.023958 0.052778
0 0.639844 0.546759 0.061979 0.086111
0 0.687760 0.563426 0.051562 0.134259
0 0.780469 0.568056 0.181771 0.241667
0 0.285677 0.472222 0.017188 0.029630
0 0.343490 0.493056 0.014063 0.026852
0 0.236719 0.461111 0.016146 0.024074
0 0.264583 0.465278 0.014583 0.023148
0 0.492708 0.459722 0.117708 0.025000
0 0.548438 0.449537 0.059375 0.047222
