0 0.029427 0.575463 0.058854 0.175000
0 0.266927 0.556944 0.108854 0.145370
0 0.349740 0.537037 0.075521 0.096296
0 0.402083 0.518056 0.048958 0.078704
0 0.465885 0.561574 0.115104 0.154630
0 0.539323 0.525926 0.051562 0.068519
0 0.528385 0.472685 0.030729 0.037963
0 0.539062 0.469907 0.041667 0.063889
0 0.581771 0.510648 0.031250 0.047222
0 0.911979 0.547222 0.129167 0.161111
0 0.817187 0.542130 0.084375 0.104630
0 0.763802 0.534259 0.063021 0.090741
0 0.717969 0.523148 0.054688 0.085185
0 0.684896 0.524537 0.033333 0.060185
0 0.678646 0.508796 0.038542 0.076852
0 0.655208 0.515741 0.019792 0.046296
0 0.642448 0.512963 0.025521 0.037037
0 0.302865 0.479630 0.036979 0.031481
0 0.376563 0.479167 0.021875 0.025000
0 0.488802 0.503704 0.061979 0.066667
0 0.515885 0.496296 0.017188 0.025926
0 0.985417 0.583333 0.028125 0.166667
0 0.629427 0.506481 0.015104 0.024074
0 0.619010 0.476852 0.023438 0.038889
0 0.627344 0.484722 0.025521 0.032407
0 0.626823 0.485185 0.026562 0.029630
0 0.586979 0.477778 0.017708 0.024074
0 0.428646 0.470370 0.041667 0.053704
0 0.305990 0.512963 0.020313 0.038889
0 0.561719 0.487500 0.013021 0.043519
