0 0.023438 0.529167 0.046875 0.260185
0 0.090885 0.537500 0.117188 0.167593
0 0.089844 0.451389 0.105729 0.125000
0 0.160417 0.519907 0.031250 0.071296
0 0.204167 0.512500 0.082292 0.126852
0 0.251823 0.518981 0.029687 0.071296
0 0.264583 0.474074 0.048958 0.087037
0 0.305990 0.541204 0.097396 0.130556
0 0.350521 0.512037 0.044792 0.077778
0 0.381250 0.502315 0.021875 0.063889
0 0.755469 0.493519 0.088021 0.181481
0 0.832812 0.500000 0.076042 0.161111
0 0.013542 0.712037 0.027083 0.311111
0 0.711979 0.534722 0.017708 0.052778
0 0.368750 0.509722 0.015625 0.067593
0 0.347917 0.526852 0.022917 0.090741
