0 0.535547 0.472917 0.046094 0.073611
0 0.495312 0.504861 0.065625 0.090278
0 0.564063 0.463889 0.028125 0.052778
0 0.630469 0.453472 0.037500 0.054167
0 0.601562 0.500000 0.068750 0.094444
0 0.652344 0.436111 0.025000 0.041667
0 0.670312 0.415278 0.025000 0.061111
0 0.687109 0.455556 0.032031 0.052778
0 0.695703 0.450694 0.021094 0.043056
0 0.707031 0.500694 0.053125 0.137500
0 0.794141 0.501389 0.152344 0.311111
0 0.953516 0.534722 0.091406 0.166667
0 0.444922 0.475000 0.047656 0.047222
0 0.416406 0.548611 0.118750 0.155556
0 0.370703 0.499306 0.066406 0.090278
0 0.145703 0.577778 0.121094 0.205556
0 0.268750 0.611111 0.195312 0.275000
0 0.075781 0.748611 0.151562 0.500000
0 0.409375 0.450694 0.039062 0.037500
