0 0.007812 0.731481 0.015625 0.309259
0 0.034115 0.474537 0.068229 0.119444
0 0.084375 0.505556 0.136458 0.153704
0 0.178385 0.488426 0.086979 0.112037
0 0.230729 0.454630 0.045833 0.059259
0 0.275521 0.504630 0.122917 0.157407
0 0.343490 0.462037 0.055729 0.087037
0 0.367708 0.455556 0.019792 0.074074
0 0.385937 0.433796 0.016667 0.045370
0 0.232813 0.407407 0.051042 0.088889
0 0.145052 0.377778 0.020313 0.035185
0 0.111198 0.376852 0.017188 0.029630
0 0.091667 0.377315 0.018750 0.037963
0 0.067448 0.374537 0.016146 0.030556
0 0.075781 0.397685 0.016146 0.025000
0 0.283594 0.378241 0.025521 0.039815
0 0.265885 0.408333 0.015104 0.022222
0 0.313021 0.417130 0.018750 0.025000
0 0.323958 0.422222 0.016667 0.029630
0 0.363281 0.420370 0.017188 0.033333
0 0.412240 0.428241 0.043229 0.110185
0 0.475000 0.477315 0.136458 0.232407
0 0.609375 0.447685 0.044792 0.058333
0 0.728646 0.484259 0.088542 0.111111
