0 0.036979 0.742130 0.073958 0.356481
0 0.870313 0.518056 0.169792 0.204630
0 0.642708 0.476852 0.046875 0.101852
0 0.664583 0.540741 0.090625 0.114815
0 0.582292 0.475926 0.064583 0.125926
0 0.536979 0.465278 0.017708 0.073148
0 0.504167 0.484722 0.029167 0.043519
0 0.507031 0.456481 0.013021 0.024074
0 0.472396 0.482407 0.021875 0.025926
0 0.450260 0.499074 0.032813 0.046296
0 0.414583 0.511111 0.055208 0.079630
0 0.352344 0.477778 0.017188 0.029630
0 0.364063 0.458333 0.026042 0.031481
0 0.294531 0.483796 0.039062 0.026852
0 0.275260 0.458796 0.053646 0.076852
0 0.548438 0.476389 0.016667 0.093519
