0 0.599219 0.430093 0.018229 0.023148
0 0.642448 0.430093 0.016146 0.041667
0 0.669792 0.430093 0.014583 0.025000
0 0.652604 0.452315 0.016667 0.021296
0 0.626302 0.448148 0.019271 0.029630
0 0.604688 0.454630 0.014583 0.027778
0 0.594271 0.456944 0.014583 0.032407
0 0.577083 0.459722 0.025000 0.043519
0 0.530729 0.462963 0.028125 0.037037
0 0.474219 0.478241 0.040104 0.049074
0 0.458073 0.441204 0.016146 0.030556
0 0.473438 0.439815 0.014583 0.027778
0 0.395313 0.491667 0.059375 0.083333
0 0.302865 0.520833 0.117188 0.162037
0 0.294792 0.424537 0.042708 0.028704
0 0.062760 0.630093 0.125521 0.430556
0 0.751563 0.528704 0.121875 0.170370
0 0.889844 0.464352 0.080729 0.076852
