0 0.034635 0.453704 0.069271 0.116667
0 0.112500 0.473148 0.082292 0.077778
0 0.181510 0.479167 0.055729 0.062037
0 0.396615 0.529630 0.050521 0.066667
0 0.428906 0.520833 0.033854 0.047222
0 0.487240 0.539352 0.088021 0.126852
0 0.619531 0.507407 0.090104 0.164815
0 0.444531 0.499074 0.013021 0.029630
0 0.522917 0.486574 0.020833 0.039815
0 0.528125 0.494907 0.015625 0.023148
0 0.532813 0.512500 0.019792 0.030556
0 0.543490 0.514352 0.026562 0.036111
0 0.561719 0.522685 0.026562 0.054630
0 0.571875 0.526389 0.025000 0.073148
