0 0.044271 0.591667 0.088542 0.192593
0 0.269010 0.578241 0.136979 0.167593
0 0.349219 0.536111 0.061979 0.087037
0 0.423698 0.494907 0.074479 0.126852
0 0.487240 0.531019 0.030729 0.050926
0 0.527083 0.549537 0.077083 0.115741
0 0.552083 0.483333 0.040625 0.044444
0 0.585938 0.491204 0.026042 0.054630
0 0.566146 0.528704 0.025000 0.050000
0 0.590625 0.513889 0.027083 0.044444
0 0.630469 0.489815 0.061979 0.148148
0 0.642708 0.531019 0.060417 0.117593
0 0.707031 0.572222 0.120313 0.153704
0 0.932552 0.434259 0.133854 0.518519
0 0.296094 0.488889 0.043229 0.046296
0 0.203125 0.501389 0.050000 0.023148
