0 0.329167 0.505556 0.035417 0.024074
0 0.436198 0.499537 0.013021 0.028704
0 0.511458 0.510648 0.016667 0.028704
0 0.544531 0.500000 0.029687 0.059259
0 0.561979 0.538426 0.046875 0.069444
0 0.588802 0.494907 0.026562 0.078704
0 0.625521 0.497685 0.059375 0.102778
0 0.692187 0.570370 0.123958 0.138889
0 0.878646 0.519907 0.142708 0.149074
0 0.870313 0.336111 0.150000 0.150000
0 0.778385 0.364352 0.080729 0.126852
0 0.719271 0.403704 0.056250 0.092593
0 0.736458 0.478704 0.072917 0.068519
0 0.787240 0.504167 0.071354 0.095370
0 0.808073 0.440741 0.290104 0.359259
