0 0.257552 0.464815 0.017188 0.025926
0 0.358073 0.478704 0.024479 0.027778
0 0.319531 0.489815 0.014063 0.024074
0 0.340104 0.536574 0.038542 0.067593
0 0.302604 0.552315 0.036458 0.106481
0 0.238021 0.583333 0.153125 0.192593
0 0.086979 0.623611 0.173958 0.371296
0 0.465365 0.448148 0.125521 0.027778
0 0.470052 0.684259 0.311979 0.457407
0 0.539844 0.443981 0.054688 0.043519
0 0.589583 0.531481 0.018750 0.051852
0 0.633333 0.551852 0.070833 0.094444
0 0.693750 0.572685 0.081250 0.154630
0 0.823177 0.580093 0.232813 0.302778
0 0.301823 0.471759 0.020313 0.023148
0 0.207031 0.456019 0.016146 0.025000
0 0.223177 0.459259 0.011979 0.025926
0 0.236458 0.461574 0.013542 0.025000
