0 0.075521 0.610185 0.151042 0.364815
0 0.014844 0.410185 0.020313 0.037037
0 0.119271 0.413426 0.020833 0.026852
0 0.159896 0.424074 0.028125 0.051852
0 0.189062 0.427778 0.030208 0.064815
0 0.197656 0.476852 0.023438 0.079630
0 0.258333 0.500926 0.125000 0.172222
0 0.316927 0.473148 0.052604 0.116667
0 0.365104 0.440278 0.050000 0.086111
0 0.272396 0.404630 0.029167 0.024074
0 0.436719 0.470833 0.080729 0.137963
0 0.479167 0.467130 0.015625 0.065741
0 0.518490 0.483333 0.057813 0.079630
0 0.583333 0.493981 0.093750 0.143519
