0 0.375000 0.419444 0.031250 0.041667
0 0.237891 0.419444 0.092969 0.127778
0 0.399609 0.529861 0.032031 0.104167
0 0.298047 0.486111 0.038281 0.036111
0 0.360547 0.545139 0.089844 0.143056
0 0.290625 0.584028 0.106250 0.176389
0 0.093359 0.520139 0.099219 0.087500
0 0.041016 0.590972 0.082031 0.156944
0 0.170313 0.629167 0.212500 0.297222
0 0.055469 0.791667 0.110937 0.413889
0 0.595703 0.472917 0.033594 0.054167
0 0.490234 0.380556 0.186719 0.419444
0 0.517188 0.541667 0.181250 0.072222
0 0.516406 0.784028 0.353125 0.429167
