0 0.245833 0.593519 0.155208 0.190741
0 0.318229 0.531481 0.061458 0.103704
0 0.329948 0.484722 0.024479 0.043519
0 0.357292 0.487500 0.027083 0.049074
0 0.396094 0.489815 0.053646 0.075926
0 0.398438 0.550463 0.067708 0.086111
0 0.449740 0.488889 0.025521 0.051852
0 0.470313 0.477778 0.015625 0.040741
0 0.455469 0.523611 0.016146 0.037963
0 0.498177 0.558333 0.100521 0.148148
0 0.509896 0.473611 0.018750 0.023148
0 0.536979 0.481481 0.023958 0.046296
0 0.569531 0.532407 0.029687 0.053704
0 0.556250 0.510185 0.035417 0.061111
0 0.628125 0.493519 0.107292 0.201852
0 0.762760 0.558796 0.189062 0.282407
0 0.915885 0.543519 0.167187 0.227778
0 0.943229 0.543056 0.112500 0.262037
0 0.545052 0.495833 0.021354 0.034259
