0 0.024740 0.645833 0.049479 0.256481
0 0.172917 0.480093 0.032292 0.037963
0 0.231771 0.500463 0.095833 0.128704
0 0.270573 0.443981 0.026562 0.032407
0 0.349479 0.428241 0.053125 0.058333
0 0.430208 0.431944 0.095833 0.204630
0 0.497917 0.469907 0.097917 0.219444
0 0.557292 0.473611 0.030208 0.093519
0 0.572135 0.451389 0.013021 0.028704
0 0.606250 0.439352 0.027083 0.056481
0 0.605469 0.455556 0.019271 0.033333
0 0.610938 0.459722 0.023958 0.037963
0 0.644792 0.489352 0.071875 0.112037
0 0.670833 0.449537 0.026042 0.037963
0 0.704948 0.532870 0.096354 0.173148
0 0.837500 0.657407 0.323958 0.450000
