0 0.066146 0.664352 0.132292 0.493519
0 0.172135 0.498148 0.036979 0.033333
0 0.329167 0.494444 0.056250 0.057407
0 0.963542 0.587963 0.070833 0.625926
0 0.695573 0.573611 0.126562 0.158333
0 0.626302 0.550463 0.061979 0.095370
0 0.573958 0.537037 0.035417 0.048148
0 0.386979 0.548148 0.065625 0.087037
0 0.426302 0.539815 0.039062 0.059259
0 0.436719 0.511574 0.018229 0.023148
0 0.502344 0.547222 0.081771 0.120370
0 0.537500 0.503241 0.021875 0.047222
0 0.545573 0.518981 0.018229 0.043519
0 0.551302 0.532870 0.025521 0.037963
