0 0.721875 0.543519 0.054167 0.100000
0 0.702344 0.571759 0.061979 0.080556
0 0.665104 0.570833 0.020833 0.050926
0 0.646875 0.571296 0.041667 0.051852
0 0.632552 0.563889 0.024479 0.061111
0 0.583333 0.527778 0.092708 0.174074
0 0.528906 0.499537 0.021354 0.043519
0 0.433854 0.579167 0.065625 0.089815
0 0.512500 0.600926 0.125000 0.166667
0 0.317969 0.575000 0.048438 0.053704
0 0.127344 0.577778 0.074479 0.087037
0 0.081510 0.563426 0.039062 0.026852
0 0.009635 0.563426 0.019271 0.034259
0 0.863281 0.578241 0.020313 0.021296
0 0.763802 0.570833 0.024479 0.026852
0 0.796615 0.571759 0.019271 0.023148
