0 0.234375 0.488426 0.045833 0.032407
0 0.326302 0.488889 0.036979 0.024074
0 0.395313 0.468519 0.023958 0.038889
0 0.426823 0.509722 0.030729 0.049074
0 0.447396 0.529630 0.058333 0.075926
0 0.476562 0.507870 0.020833 0.039815
0 0.490885 0.514815 0.032813 0.048148
0 0.526823 0.523611 0.046354 0.067593
0 0.531771 0.474074 0.019792 0.029630
0 0.619271 0.482870 0.084375 0.158333
0 0.701562 0.569907 0.130208 0.156481
0 0.755469 0.529630 0.078646 0.103704
0 0.879687 0.616667 0.239583 0.433333
0 0.587500 0.538426 0.080208 0.113889
