0 0.024740 0.395370 0.042188 0.037037
0 0.185417 0.345370 0.039583 0.046296
0 0.225521 0.360185 0.075000 0.046296
0 0.421875 0.343519 0.090625 0.057407
0 0.544531 0.344907 0.028646 0.041667
0 0.580469 0.349074 0.031771 0.040741
0 0.617708 0.354167 0.034375 0.036111
0 0.654167 0.357870 0.030208 0.037963
0 0.688542 0.362963 0.032292 0.040741
0 0.733594 0.368519 0.036979 0.025926
0 0.760156 0.375000 0.025521 0.031481
0 0.803646 0.397685 0.063542 0.045370
0 0.854427 0.399074 0.018229 0.022222
0 0.875260 0.402315 0.019271 0.023148
0 0.928385 0.430556 0.021354 0.024074
0 0.956250 0.438426 0.029167 0.023148
0 0.834635 0.394907 0.017188 0.025000
