0 0.076563 0.448611 0.138542 0.034259
0 0.301042 0.412963 0.087500 0.090741
0 0.345833 0.417593 0.038542 0.079630
0 0.394271 0.412500 0.064583 0.086111
0 0.427344 0.414352 0.028646 0.062037
0 0.450000 0.423148 0.017708 0.025926
0 0.484375 0.406019 0.031250 0.062037
0 0.478646 0.398611 0.028125 0.063889
0 0.526823 0.393519 0.019271 0.031481
0 0.524219 0.548148 0.163021 0.225926
0 0.557813 0.427315 0.021875 0.023148
0 0.584115 0.428704 0.014063 0.037037
0 0.608073 0.459259 0.052604 0.096296
0 0.607812 0.395833 0.022917 0.028704
0 0.509635 0.415278 0.014063 0.023148
0 0.647135 0.447222 0.031771 0.050000
0 0.715625 0.505093 0.142708 0.204630
0 0.790885 0.427315 0.156771 0.245370
