1 0.719271 0.471759 0.019792 0.117593
1 0.858073 0.431481 0.014063 0.081481
0 0.044010 0.563889 0.088021 0.198148
0 0.070573 0.516667 0.021354 0.044444
0 0.082031 0.518056 0.015104 0.037963
0 0.093490 0.516667 0.022396 0.037037
0 0.121875 0.514352 0.036458 0.050926
0 0.179688 0.525000 0.096875 0.120370
0 0.242448 0.462963 0.103646 0.172222
0 0.296354 0.492593 0.013542 0.038889
0 0.314583 0.487963 0.022917 0.031481
0 0.348698 0.487037 0.025521 0.033333
0 0.353646 0.484722 0.018750 0.032407
0 0.380729 0.489352 0.027083 0.039815
0 0.436458 0.437500 0.091667 0.226852
0 0.494792 0.535648 0.155208 0.228704
0 0.648438 0.438426 0.097917 0.054630
