0 0.219792 0.464815 0.013542 0.024074
0 0.299479 0.477315 0.019792 0.023148
0 0.318229 0.496759 0.014583 0.025000
0 0.354948 0.485648 0.021354 0.028704
0 0.460156 0.454167 0.127604 0.025000
0 0.541667 0.448611 0.056250 0.043519
0 0.337500 0.539815 0.032292 0.059259
0 0.304948 0.544444 0.043229 0.075926
0 0.240365 0.591204 0.149479 0.186111
0 0.083073 0.627778 0.166146 0.366667
0 0.469792 0.699537 0.328125 0.482407
0 0.594010 0.537500 0.016146 0.047222
0 0.636198 0.560185 0.075521 0.096296
0 0.704948 0.584722 0.090104 0.162037
0 0.846875 0.592593 0.252083 0.325926
0 0.203646 0.461574 0.015625 0.023148
0 0.256250 0.469444 0.017708 0.022222
