0 0.300260 0.593981 0.121354 0.163889
0 0.328906 0.518056 0.034896 0.025000
0 0.396354 0.525463 0.084375 0.162037
0 0.439844 0.545370 0.022396 0.040741
0 0.461198 0.537500 0.017188 0.025000
0 0.500521 0.518981 0.060417 0.141667
0 0.525000 0.385185 0.039583 0.031481
0 0.552344 0.409722 0.013021 0.023148
0 0.568490 0.414352 0.030729 0.036111
0 0.571875 0.423148 0.026042 0.027778
0 0.582552 0.431481 0.023438 0.035185
0 0.596875 0.441667 0.033333 0.040741
0 0.598177 0.447685 0.018229 0.036111
0 0.615365 0.456481 0.031771 0.051852
0 0.624740 0.463426 0.044271 0.052778
0 0.636458 0.478704 0.047917 0.055556
0 0.657813 0.500463 0.040625 0.058333
0 0.680469 0.511111 0.050521 0.074074
0 0.978385 0.637963 0.042188 0.198148
0 0.801823 0.523611 0.071354 0.093519
0 0.641406 0.432870 0.029687 0.041667
