0 0.075781 0.473611 0.065625 0.069444
0 0.089063 0.509028 0.157812 0.106944
0 0.137891 0.426389 0.110156 0.058333
0 0.151562 0.463889 0.100000 0.072222
0 0.238672 0.482639 0.086719 0.170833
0 0.294922 0.470833 0.047656 0.125000
0 0.218359 0.519444 0.077344 0.147222
0 0.148828 0.573611 0.113281 0.147222
1 0.309375 0.538889 0.021875 0.155556
0 0.605859 0.463889 0.086719 0.208333
0 0.678125 0.445833 0.059375 0.080556
0 0.672266 0.461806 0.046094 0.062500
1 0.712109 0.451389 0.014844 0.075000
1 0.741016 0.430556 0.007031 0.050000
1 0.786719 0.425000 0.012500 0.055556
0 0.869141 0.547222 0.260156 0.238889
0 0.558984 0.461806 0.016406 0.168056
