0 0.964323 0.535185 0.059896 0.072222
0 0.859635 0.556481 0.047396 0.068519
0 0.718229 0.575463 0.031250 0.060185
0 0.748958 0.611574 0.056250 0.147222
1 0.750260 0.571759 0.047396 0.158333
0 0.013021 0.581944 0.026042 0.045370
0 0.132031 0.583796 0.091146 0.115741
0 0.152344 0.545370 0.097396 0.072222
0 0.235937 0.576852 0.058333 0.114815
0 0.337240 0.556944 0.044271 0.058333
0 0.371615 0.575000 0.024479 0.025926
0 0.441927 0.557870 0.018229 0.041667
0 0.446354 0.575463 0.018750 0.025000
0 0.455208 0.551852 0.013542 0.025926
0 0.495833 0.583333 0.054167 0.083333
0 0.581771 0.578704 0.067708 0.098148
