0 0.034375 0.502778 0.061458 0.046296
0 0.049740 0.505556 0.029687 0.035185
0 0.277083 0.504630 0.027083 0.024074
0 0.307812 0.498148 0.017708 0.035185
0 0.353125 0.482870 0.072917 0.149074
0 0.359115 0.548611 0.069271 0.089815
0 0.419531 0.500463 0.020313 0.023148
0 0.435156 0.529630 0.038021 0.051852
0 0.453906 0.522222 0.015104 0.035185
0 0.466406 0.516667 0.021354 0.029630
0 0.499740 0.531019 0.049479 0.071296
0 0.523438 0.512963 0.013542 0.027778
0 0.543229 0.494907 0.031250 0.076852
0 0.574740 0.525000 0.024479 0.042593
0 0.637500 0.461111 0.118750 0.274074
0 0.820573 0.515278 0.107813 0.191667
