0 0.064062 0.443519 0.086458 0.057407
0 0.127865 0.466204 0.042188 0.012037
0 0.267708 0.449074 0.054167 0.048148
0 0.211458 0.573611 0.209375 0.260185
0 0.394792 0.450926 0.029167 0.044444
0 0.431510 0.472222 0.022396 0.003704
0 0.468490 0.460185 0.041146 0.031481
0 0.348177 0.514815 0.111979 0.157407
0 0.528906 0.508333 0.093229 0.138889
0 0.569531 0.493519 0.020313 0.081481
0 0.584375 0.488426 0.013542 0.034259
0 0.597135 0.491204 0.017188 0.025000
0 0.625521 0.488889 0.021875 0.033333
0 0.679948 0.490741 0.083854 0.148148
