0 0.986458 0.592593 0.026042 0.090741
0 0.704688 0.527315 0.055208 0.078704
0 0.644010 0.568519 0.113021 0.137037
0 0.600000 0.513889 0.034375 0.050000
0 0.563542 0.544444 0.072917 0.092593
0 0.524740 0.514352 0.033854 0.043519
0 0.496875 0.513889 0.025000 0.033333
0 0.476823 0.515278 0.023438 0.054630
0 0.435677 0.546296 0.088021 0.131481
0 0.396354 0.521296 0.020833 0.050000
0 0.373958 0.513426 0.026042 0.036111
0 0.355990 0.506019 0.020313 0.036111
0 0.354687 0.480093 0.030208 0.039815
0 0.247135 0.496759 0.022396 0.028704
