0 0.463542 0.529167 0.016667 0.026852
0 0.446875 0.531481 0.022917 0.050000
0 0.425260 0.540741 0.046354 0.070370
0 0.325781 0.511111 0.034896 0.072222
0 0.373437 0.554630 0.079167 0.118519
0 0.260937 0.581944 0.164583 0.234259
0 0.498437 0.492593 0.051042 0.088889
0 0.496354 0.555556 0.062500 0.085185
0 0.555208 0.499074 0.051042 0.124074
0 0.602865 0.548611 0.056771 0.075000
0 0.625781 0.530093 0.034896 0.069444
0 0.661198 0.537963 0.031771 0.040741
0 0.780208 0.503704 0.101042 0.224074
0 0.879427 0.649537 0.240104 0.337963
