0 0.075781 0.625926 0.151562 0.746296
0 0.169792 0.525463 0.103125 0.137963
0 0.321615 0.531944 0.131771 0.158333
0 0.407552 0.504167 0.067187 0.089815
0 0.443229 0.490741 0.035417 0.061111
0 0.458073 0.479630 0.023438 0.048148
0 0.369792 0.475463 0.026042 0.041667
0 0.187760 0.447222 0.046354 0.038889
0 0.229167 0.443056 0.030208 0.045370
0 0.271094 0.436574 0.065104 0.058333
0 0.355729 0.428704 0.059375 0.064815
0 0.413802 0.440278 0.032813 0.037963
0 0.451562 0.442130 0.019792 0.030556
0 0.533073 0.499537 0.143229 0.241667
0 0.598958 0.461111 0.045833 0.127778
0 0.616406 0.488889 0.024479 0.116667
0 0.675781 0.425463 0.120313 0.276852
0 0.700260 0.523611 0.057813 0.139815
0 0.789323 0.513889 0.166146 0.231481
0 0.864062 0.591667 0.270833 0.309259
