0 0.150781 0.544907 0.118229 0.110185
0 0.138542 0.463426 0.114583 0.082407
0 0.204427 0.483796 0.018229 0.039815
0 0.402604 0.537037 0.078125 0.090741
0 0.450521 0.494444 0.034375 0.079630
0 0.480469 0.510648 0.015104 0.023148
0 0.546875 0.503241 0.032292 0.076852
0 0.606510 0.480093 0.034896 0.062037
0 0.608333 0.524074 0.048958 0.062963
0 0.632292 0.507870 0.015625 0.032407
0 0.643229 0.511574 0.015625 0.043519
0 0.740365 0.638889 0.271354 0.353704
0 0.877083 0.506019 0.244792 0.325000
0 0.915104 0.343056 0.168750 0.293519
0 0.962500 0.630556 0.073958 0.240741
0 0.292708 0.488426 0.014583 0.030556
