0 0.320833 0.442130 0.015625 0.026852
0 0.335938 0.445370 0.026042 0.025926
0 0.284635 0.450000 0.038021 0.053704
0 0.202865 0.442130 0.058854 0.097222
0 0.172917 0.462037 0.020833 0.061111
0 0.408333 0.444907 0.021875 0.030556
0 0.396354 0.461111 0.020833 0.038889
0 0.381771 0.476852 0.043750 0.062963
0 0.444271 0.434259 0.034375 0.051852
0 0.454427 0.521296 0.083854 0.122222
0 0.511198 0.462037 0.083854 0.170370
0 0.575781 0.519444 0.072396 0.103704
0 0.567448 0.465741 0.034896 0.038889
0 0.613021 0.479630 0.023958 0.042593
