0 0.865104 0.510185 0.141667 0.261111
0 0.699219 0.524074 0.086979 0.122222
0 0.603125 0.486574 0.039583 0.041667
0 0.600521 0.549074 0.068750 0.087037
0 0.554167 0.507407 0.052083 0.105556
0 0.521615 0.497222 0.014063 0.070370
0 0.495573 0.477778 0.013021 0.024074
0 0.490104 0.523611 0.029167 0.043519
0 0.466667 0.505093 0.014583 0.023148
0 0.460677 0.513889 0.019271 0.024074
0 0.439583 0.535648 0.023958 0.045370
0 0.408333 0.539815 0.054167 0.077778
0 0.397135 0.482870 0.019271 0.034259
0 0.311979 0.495833 0.031250 0.049074
0 0.274740 0.493981 0.047396 0.056481
0 0.203646 0.483333 0.076042 0.079630
0 0.381510 0.507870 0.024479 0.026852
