0 0.059375 0.398611 0.070312 0.091667
0 0.131641 0.420139 0.049219 0.062500
0 0.188281 0.416667 0.045312 0.066667
0 0.225781 0.487500 0.076563 0.086111
0 0.203906 0.545833 0.071875 0.136111
0 0.102344 0.585417 0.204687 0.284722
0 0.316406 0.416667 0.064062 0.050000
0 0.496875 0.413889 0.134375 0.261111
0 0.285156 0.465972 0.029687 0.054167
0 0.327734 0.465972 0.033594 0.056944
0 0.301953 0.469444 0.033594 0.055556
0 0.346484 0.467361 0.047656 0.051389
0 0.394531 0.469444 0.082812 0.047222
0 0.366016 0.743750 0.413281 0.509722
0 0.572656 0.546528 0.118750 0.154167
0 0.766797 0.670139 0.258594 0.326389
0 0.955859 0.838194 0.086719 0.320833
0 0.985547 0.654167 0.027344 0.180556
0 0.654297 0.504861 0.080469 0.112500
0 0.769531 0.481250 0.117188 0.059722
0 0.830078 0.476389 0.061719 0.061111
0 0.964453 0.472222 0.069531 0.069444
0 0.583203 0.455556 0.042969 0.033333
