1 0.126823 0.458333 0.010937 0.055556
1 0.640885 0.474074 0.015104 0.059259
0 0.409115 0.356019 0.016146 0.023148
0 0.395833 0.369907 0.013542 0.021296
0 0.388542 0.375463 0.014583 0.026852
0 0.382812 0.380093 0.013542 0.028704
0 0.375260 0.384259 0.018229 0.029630
0 0.364063 0.392593 0.017708 0.027778
0 0.354427 0.400463 0.016146 0.030556
0 0.347396 0.403704 0.019792 0.035185
0 0.335417 0.416204 0.027083 0.034259
0 0.311719 0.427315 0.026562 0.026852
0 0.319010 0.457407 0.031771 0.048148
0 0.284896 0.444444 0.036458 0.050000
0 0.298177 0.465278 0.040104 0.049074
0 0.242708 0.416204 0.047917 0.036111
0 0.233333 0.469907 0.042708 0.050926
0 0.185677 0.486111 0.059896 0.090741
0 0.107813 0.487500 0.075000 0.078704
0 0.098437 0.671759 0.196875 0.423148
0 0.493490 0.360185 0.015104 0.022222
0 0.440365 0.370370 0.018229 0.040741
0 0.429427 0.389815 0.020313 0.029630
0 0.459896 0.391204 0.020833 0.036111
0 0.410677 0.427778 0.028646 0.038889
0 0.382812 0.444444 0.033333 0.040741
0 0.435677 0.451852 0.031771 0.046296
0 0.369271 0.494444 0.057292 0.103704
0 0.302083 0.565741 0.118750 0.153704
0 0.470052 0.561574 0.128646 0.206481
