0 0.020052 0.558333 0.040104 0.194444
0 0.162500 0.588889 0.269792 0.311111
0 0.275260 0.501852 0.061979 0.114815
0 0.319010 0.464352 0.038021 0.034259
0 0.349740 0.519907 0.106771 0.137963
0 0.413281 0.496759 0.056771 0.082407
0 0.448177 0.485185 0.039062 0.066667
0 0.469531 0.483796 0.017188 0.045370
0 0.348438 0.428704 0.062500 0.046296
0 0.544271 0.500926 0.156250 0.259259
0 0.626563 0.477315 0.023958 0.089815
0 0.679427 0.429630 0.106771 0.216667
0 0.707292 0.504630 0.126042 0.181481
0 0.805469 0.493056 0.036979 0.080556
0 0.876563 0.549074 0.191667 0.216667
