0 0.082031 0.472222 0.064062 0.069444
0 0.033594 0.484028 0.067187 0.062500
0 0.010547 0.543056 0.021094 0.136111
0 0.194531 0.454167 0.193750 0.291667
0 0.294922 0.461111 0.152344 0.155556
0 0.428906 0.390972 0.104688 0.118056
0 0.417187 0.790972 0.834375 0.415278
0 0.460547 0.634028 0.507031 0.376389
0 0.637891 0.409028 0.082031 0.190278
0 0.657422 0.513194 0.057031 0.118056
0 0.735938 0.566667 0.171875 0.244444
0 0.877734 0.720139 0.242969 0.443056
0 0.903516 0.442361 0.132031 0.131944
0 0.816797 0.486111 0.035156 0.063889
0 0.787891 0.420139 0.067969 0.070833
