0 0.010417 0.570833 0.020833 0.154630
0 0.173958 0.561574 0.215625 0.250926
0 0.207292 0.429167 0.045833 0.023148
0 0.261198 0.495370 0.063021 0.111111
0 0.306771 0.486111 0.044792 0.081481
0 0.346875 0.511111 0.095833 0.124074
0 0.399479 0.489815 0.047917 0.074074
0 0.422135 0.476852 0.014063 0.051852
0 0.405990 0.440741 0.029687 0.033333
0 0.286719 0.426852 0.080729 0.096296
0 0.334896 0.435648 0.020833 0.028704
0 0.367448 0.439352 0.016146 0.025000
0 0.351302 0.437963 0.014063 0.022222
0 0.497135 0.498611 0.156771 0.256481
0 0.571615 0.447222 0.031771 0.111111
0 0.581771 0.478241 0.019792 0.099074
0 0.627604 0.427778 0.092708 0.222222
0 0.670573 0.498148 0.104688 0.166667
0 0.756771 0.535648 0.130208 0.189815
0 0.892969 0.577315 0.213021 0.386111
