0 0.180990 0.600000 0.224479 0.298148
0 0.304427 0.484259 0.049479 0.044444
0 0.380990 0.537500 0.078646 0.113889
0 0.445052 0.520833 0.030729 0.058333
0 0.518750 0.468056 0.115625 0.280556
0 0.591667 0.529630 0.030208 0.057407
0 0.627083 0.492130 0.048958 0.106481
0 0.715104 0.552778 0.140625 0.194444
0 0.867969 0.550926 0.117188 0.150000
0 0.647396 0.506944 0.032292 0.089815
0 0.711979 0.431481 0.105208 0.125926
0 0.677865 0.409259 0.025521 0.064815
0 0.696354 0.405556 0.030208 0.074074
0 0.729688 0.412037 0.068750 0.085185
