0 0.269531 0.422917 0.071875 0.115278
0 0.202734 0.497917 0.039844 0.037500
0 0.121875 0.502083 0.064062 0.056944
0 0.156641 0.528472 0.089844 0.090278
0 0.054688 0.564583 0.109375 0.109722
0 0.335547 0.511806 0.033594 0.048611
0 0.325000 0.569444 0.053125 0.144444
0 0.257422 0.595139 0.135156 0.206944
0 0.116797 0.670833 0.213281 0.275000
0 0.033594 0.796528 0.067187 0.384722
0 0.450781 0.369444 0.250000 0.547222
0 0.476562 0.672222 0.339062 0.194444
0 0.471484 0.873611 0.800781 0.250000
0 0.766406 0.463194 0.110937 0.054167
