0 0.850000 0.573611 0.258333 0.337963
0 0.574479 0.502315 0.081250 0.121296
0 0.500781 0.495833 0.038021 0.069444
0 0.444010 0.491667 0.090104 0.151852
0 0.377865 0.462037 0.049479 0.088889
0 0.344531 0.477315 0.018229 0.036111
0 0.314844 0.495370 0.059896 0.135185
0 0.256250 0.517593 0.128125 0.179630
0 0.345052 0.504630 0.015104 0.057407
0 0.172917 0.450463 0.027083 0.050926
0 0.108333 0.582870 0.214583 0.276852
0 0.013802 0.449074 0.024479 0.038889
0 0.020833 0.441204 0.018750 0.049074
0 0.047656 0.439815 0.016146 0.024074
0 0.141927 0.438426 0.021354 0.025000
