0 0.031250 0.654167 0.062500 0.236111
0 0.034375 0.578241 0.068750 0.175000
0 0.106250 0.543519 0.082292 0.124074
0 0.116667 0.564815 0.044792 0.137037
0 0.192188 0.587500 0.169792 0.213889
0 0.266406 0.519444 0.022396 0.046296
0 0.414323 0.646759 0.317188 0.473148
0 0.545573 0.477315 0.032813 0.060185
0 0.581771 0.505556 0.046875 0.105556
0 0.599219 0.455093 0.039062 0.039815
0 0.639062 0.537037 0.083333 0.172222
0 0.685937 0.550000 0.015625 0.100000
0 0.803906 0.586574 0.181771 0.212037
0 0.968229 0.683796 0.062500 0.380556
0 0.591146 0.531019 0.035417 0.082407
0 0.285938 0.490278 0.032292 0.049074
0 0.532813 0.486111 0.027083 0.090741
