1 0.990365 0.497222 0.018229 0.170370
1 0.804688 0.453241 0.011458 0.034259
1 0.678125 0.450463 0.014583 0.049074
1 0.655729 0.467130 0.016667 0.078704
1 0.593750 0.463889 0.005208 0.031481
1 0.608333 0.456944 0.006250 0.023148
1 0.571354 0.474074 0.007292 0.040741
0 0.893229 0.500463 0.131250 0.163889
0 0.741667 0.534259 0.176042 0.212963
0 0.518490 0.473148 0.016146 0.038889
0 0.494271 0.478704 0.017708 0.024074
0 0.455208 0.460648 0.029167 0.063889
0 0.466667 0.489352 0.045833 0.062037
0 0.409115 0.462500 0.021354 0.034259
0 0.408594 0.495833 0.032813 0.082407
0 0.338021 0.539352 0.167708 0.212037
0 0.265885 0.499537 0.027604 0.082407
0 0.248177 0.475463 0.030729 0.034259
0 0.225781 0.499537 0.053646 0.065741
0 0.187500 0.500000 0.030208 0.046296
0 0.013802 0.519907 0.027604 0.073148
