0 0.228906 0.483333 0.050521 0.042593
0 0.341146 0.483796 0.019792 0.030556
0 0.364583 0.480093 0.028125 0.032407
0 0.186198 0.601852 0.186979 0.233333
0 0.300000 0.537963 0.062500 0.075926
0 0.320833 0.511574 0.036458 0.058333
0 0.363281 0.518056 0.035937 0.050926
0 0.407292 0.523148 0.045833 0.066667
0 0.415365 0.478241 0.020313 0.025000
0 0.425260 0.501852 0.016146 0.025926
0 0.447656 0.493519 0.024479 0.061111
0 0.479427 0.545833 0.073438 0.095370
0 0.512760 0.481944 0.022396 0.054630
0 0.534635 0.497222 0.027604 0.061111
0 0.560417 0.522685 0.046875 0.082407
0 0.580990 0.531481 0.036979 0.098148
0 0.600521 0.541204 0.034375 0.102778
0 0.640885 0.551852 0.095312 0.148148
0 0.679427 0.577315 0.069271 0.163889
0 0.839583 0.444907 0.318750 0.636111
0 0.535937 0.509722 0.017708 0.047222
0 0.537500 0.521759 0.016667 0.052778
