0 0.863021 0.586574 0.272917 0.532407
1 0.117448 0.352315 0.013021 0.076852
1 0.142448 0.358796 0.014063 0.087963
1 0.156510 0.353704 0.015104 0.085185
1 0.250000 0.347685 0.031250 0.143519
1 0.267448 0.349074 0.028646 0.122222
1 0.231250 0.343056 0.020833 0.110185
1 0.209635 0.343519 0.014063 0.094444
1 0.357292 0.334722 0.029167 0.121296
1 0.446354 0.332870 0.032292 0.136111
1 0.468229 0.338889 0.036458 0.138889
1 0.507552 0.325926 0.020313 0.131481
1 0.523438 0.335648 0.030208 0.130556
1 0.547656 0.333796 0.021354 0.123148
1 0.578906 0.335648 0.020313 0.128704
1 0.546354 0.326852 0.020833 0.125926
1 0.608073 0.343056 0.031771 0.139815
1 0.751042 0.347222 0.014583 0.074074
1 0.834635 0.362963 0.022396 0.059259
1 0.053906 0.361111 0.006771 0.038889
1 0.080469 0.363426 0.009896 0.065741
1 0.090625 0.355093 0.008333 0.058333
1 0.172135 0.344444 0.011979 0.081481
1 0.200781 0.349537 0.013021 0.099074
