0 0.944922 0.717361 0.108594 0.376389
0 0.852734 0.433333 0.105469 0.250000
0 0.786719 0.459028 0.034375 0.140278
0 0.748437 0.440278 0.064062 0.152778
0 0.656641 0.487500 0.072656 0.113889
0 0.385156 0.516667 0.079687 0.113889
0 0.441016 0.461111 0.066406 0.130556
0 0.323828 0.479167 0.072656 0.100000
1 0.172266 0.512500 0.017969 0.075000
0 0.061719 0.586111 0.123438 0.222222
0 0.498437 0.428472 0.029687 0.037500
0 0.208203 0.486111 0.049219 0.136111
0 0.370312 0.465278 0.034375 0.036111
1 0.105078 0.513889 0.049219 0.119444
1 0.146094 0.533333 0.039062 0.069444
0 0.615625 0.438194 0.034375 0.056944
