0 0.044010 0.640278 0.088021 0.276852
0 0.044792 0.576389 0.089583 0.158333
0 0.067708 0.562500 0.065625 0.121296
0 0.139323 0.550463 0.071354 0.119444
0 0.135156 0.570833 0.051562 0.134259
0 0.214323 0.593056 0.169271 0.210185
0 0.234896 0.479630 0.086458 0.055556
0 0.298438 0.503241 0.047917 0.060185
0 0.305208 0.506481 0.029167 0.051852
0 0.425521 0.643519 0.290625 0.440741
0 0.534375 0.491667 0.033333 0.092593
0 0.550000 0.474537 0.031250 0.039815
0 0.584375 0.512037 0.038542 0.100000
0 0.604167 0.458333 0.037500 0.027778
0 0.585156 0.535648 0.025521 0.076852
0 0.669792 0.549074 0.020833 0.100000
0 0.626823 0.539352 0.076563 0.154630
0 0.766667 0.583796 0.158333 0.184259
0 0.918490 0.630093 0.160938 0.450926
