0 0.161719 0.618981 0.197396 0.239815
0 0.118490 0.494444 0.056771 0.025926
0 0.304688 0.574537 0.104167 0.154630
0 0.244010 0.505093 0.044271 0.021296
0 0.267969 0.492593 0.021354 0.037037
0 0.364583 0.554167 0.061458 0.099074
0 0.387760 0.530556 0.025521 0.051852
0 0.391146 0.512500 0.028125 0.030556
0 0.400521 0.487037 0.022917 0.024074
0 0.352083 0.486111 0.018750 0.024074
0 0.502865 0.679167 0.289062 0.419444
0 0.680990 0.450926 0.176563 0.412963
0 0.811979 0.493981 0.263542 0.491667
0 0.957812 0.681481 0.083333 0.418519
