1 0.771875 0.457407 0.009375 0.042593
0 0.430469 0.514352 0.023438 0.023148
0 0.491667 0.535185 0.029167 0.040741
0 0.522135 0.533796 0.015104 0.021296
0 0.551302 0.531944 0.039062 0.054630
0 0.583333 0.533796 0.027083 0.034259
0 0.643229 0.537963 0.052083 0.061111
0 0.848177 0.533333 0.107813 0.129630
0 0.881250 0.692593 0.236458 0.479630
0 0.961719 0.424537 0.023438 0.026852
0 0.933854 0.426389 0.034375 0.030556
0 0.897396 0.443981 0.053125 0.028704
0 0.956510 0.416667 0.025521 0.020370
0 0.834896 0.447222 0.051042 0.038889
0 0.815104 0.449537 0.021875 0.025000
0 0.872396 0.437037 0.018750 0.025926
