0 0.117708 0.603241 0.235417 0.317593
0 0.352865 0.558796 0.078646 0.102778
0 0.386979 0.487500 0.048958 0.052778
0 0.421354 0.492593 0.029167 0.040741
0 0.401042 0.548611 0.048958 0.078704
0 0.429688 0.538889 0.033333 0.055556
0 0.444531 0.531481 0.016146 0.040741
0 0.504687 0.568981 0.127083 0.193519
0 0.570052 0.524074 0.036979 0.081481
0 0.598698 0.548611 0.054688 0.080556
0 0.658073 0.568519 0.101562 0.129630
0 0.946615 0.422685 0.054688 0.034259
0 0.914583 0.425000 0.013542 0.027778
0 0.897135 0.426389 0.030729 0.026852
0 0.541406 0.482407 0.024479 0.031481
