0 0.379948 0.473148 0.018229 0.037037
0 0.448437 0.462963 0.013542 0.029630
0 0.330469 0.504630 0.017188 0.027778
0 0.376042 0.505093 0.017708 0.023148
0 0.369271 0.495370 0.013542 0.024074
0 0.348958 0.506944 0.016667 0.028704
0 0.396354 0.493056 0.015625 0.025000
0 0.119792 0.638889 0.239583 0.296296
0 0.404948 0.545370 0.025521 0.066667
0 0.463802 0.573148 0.133854 0.192593
0 0.529687 0.552778 0.038542 0.120370
0 0.527083 0.470833 0.016667 0.041667
0 0.531771 0.476389 0.017708 0.032407
0 0.537500 0.487500 0.014583 0.041667
0 0.565625 0.508796 0.042708 0.108333
0 0.603385 0.542593 0.053646 0.083333
0 0.672396 0.555556 0.114583 0.155556
0 0.935677 0.657407 0.127604 0.507407
