0 0.119792 0.647222 0.239583 0.555556
0 0.227344 0.501389 0.055729 0.054630
0 0.352083 0.526852 0.061458 0.075926
0 0.434896 0.469907 0.105208 0.212037
0 0.556510 0.595370 0.158854 0.222222
0 0.526042 0.464815 0.025000 0.038889
0 0.867188 0.498148 0.052083 0.075926
0 0.929948 0.479167 0.139063 0.143519
0 0.972135 0.548148 0.054688 0.114815
0 0.275521 0.506944 0.051042 0.034259
0 0.353385 0.463889 0.033854 0.044444
0 0.295312 0.493519 0.038542 0.037037
0 0.259375 0.499537 0.030208 0.025000
0 0.487760 0.505093 0.016146 0.058333
0 0.492708 0.487037 0.025000 0.062963
0 0.849740 0.499537 0.046354 0.071296
0 0.318490 0.479630 0.025521 0.022222
0 0.618490 0.488426 0.018229 0.041667
