0 0.235547 0.438194 0.133594 0.168056
0 0.139844 0.478472 0.050000 0.062500
0 0.058984 0.486111 0.063281 0.058333
0 0.019141 0.506250 0.038281 0.068056
0 0.021484 0.617361 0.042969 0.218056
0 0.212891 0.760417 0.425781 0.473611
0 0.183203 0.503472 0.089844 0.062500
0 0.295703 0.504167 0.096094 0.108333
0 0.350000 0.527778 0.021875 0.097222
0 0.361719 0.517361 0.045312 0.090278
0 0.378125 0.506944 0.046875 0.080556
0 0.403516 0.488194 0.032031 0.048611
0 0.438281 0.525694 0.085938 0.120833
0 0.478125 0.520139 0.020313 0.095833
0 0.477734 0.500694 0.055469 0.095833
0 0.511328 0.489583 0.035156 0.062500
0 0.545312 0.474306 0.040625 0.054167
0 0.568750 0.472222 0.021875 0.044444
0 0.588672 0.463194 0.022656 0.043056
0 0.623437 0.443056 0.053125 0.119444
0 0.659375 0.481944 0.039062 0.058333
0 0.730469 0.484722 0.039062 0.058333
0 0.963672 0.459028 0.071094 0.154167
0 0.986719 0.585417 0.025000 0.112500
0 0.465234 0.444444 0.094531 0.038889
0 0.774609 0.447222 0.030469 0.055556
