0 0.408333 0.439352 0.017708 0.026852
0 0.429427 0.447222 0.020313 0.025926
0 0.459375 0.450926 0.018750 0.027778
0 0.448177 0.463426 0.026562 0.041667
0 0.407031 0.487037 0.048438 0.062963
0 0.357552 0.481944 0.028646 0.052778
0 0.492448 0.494907 0.052604 0.073148
0 0.523958 0.437963 0.017708 0.025926
0 0.542448 0.465741 0.026562 0.046296
0 0.519271 0.422685 0.019792 0.041667
0 0.568229 0.473611 0.043750 0.065741
0 0.315625 0.518519 0.105208 0.135185
0 0.139063 0.518056 0.114583 0.126852
0 0.023698 0.511111 0.047396 0.151852
0 0.147396 0.444907 0.039583 0.026852
0 0.300521 0.431019 0.031250 0.041667
0 0.465885 0.439352 0.016146 0.023148
