0 0.976042 0.761574 0.046875 0.347222
0 0.061198 0.454167 0.095312 0.106481
0 0.100521 0.495370 0.040625 0.024074
0 0.237240 0.470833 0.028646 0.047222
0 0.304688 0.479167 0.022917 0.045370
0 0.316406 0.472222 0.015104 0.037037
0 0.379167 0.457870 0.013542 0.030556
0 0.397135 0.460185 0.014063 0.031481
0 0.418750 0.471296 0.018750 0.048148
0 0.404948 0.495833 0.013021 0.025000
0 0.418490 0.501852 0.021354 0.029630
0 0.450000 0.485185 0.032292 0.059259
0 0.444271 0.504630 0.033333 0.051852
0 0.477083 0.503241 0.025000 0.034259
0 0.482552 0.490741 0.020313 0.048148
0 0.392708 0.518056 0.023958 0.056481
0 0.354167 0.536111 0.080208 0.114815
