0 0.091797 0.458333 0.024219 0.038889
0 0.049609 0.440278 0.028906 0.086111
0 0.011328 0.475694 0.022656 0.045833
0 0.011328 0.499306 0.022656 0.051389
0 0.279687 0.528472 0.040625 0.106944
0 0.224609 0.554861 0.119531 0.184722
0 0.105469 0.625694 0.210938 0.298611
0 0.035937 0.769444 0.071875 0.350000
0 0.310937 0.476389 0.040625 0.072222
0 0.319922 0.487500 0.021094 0.069444
0 0.347266 0.486111 0.058594 0.116667
0 0.361328 0.505556 0.024219 0.088889
0 0.392969 0.487500 0.073438 0.063889
0 0.430859 0.520833 0.196094 0.088889
0 0.428906 0.778472 0.340625 0.440278
0 0.453125 0.404861 0.106250 0.148611
0 0.507812 0.506944 0.051562 0.080556
0 0.562500 0.538889 0.104688 0.133333
0 0.687500 0.588889 0.184375 0.263889
0 0.828906 0.671528 0.257812 0.318056
0 0.892188 0.468750 0.128125 0.087500
0 0.968750 0.481250 0.060937 0.120833
0 0.844141 0.468056 0.061719 0.069444
0 0.262109 0.459722 0.046094 0.030556
