0 0.109115 0.541667 0.218229 0.477778
0 0.307552 0.443056 0.035937 0.049074
0 0.340625 0.443056 0.054167 0.050926
0 0.375781 0.458333 0.017188 0.024074
0 0.396875 0.456944 0.023958 0.025000
0 0.375781 0.456944 0.017188 0.021296
0 0.484635 0.477778 0.017188 0.033333
0 0.504687 0.493056 0.046875 0.062037
0 0.517969 0.458333 0.039062 0.090741
0 0.547656 0.469907 0.011979 0.030556
0 0.569010 0.460648 0.020313 0.093519
0 0.586979 0.460185 0.041667 0.120370
0 0.616667 0.481481 0.062500 0.118519
0 0.663802 0.483333 0.036979 0.075926
0 0.790104 0.556019 0.211458 0.299074
0 0.990104 0.557407 0.018750 0.209259
0 0.421094 0.459722 0.016146 0.021296
