0 0.145313 0.169444 0.037500 0.083333
0 0.177344 0.164583 0.028125 0.034722
0 0.091016 0.269444 0.041406 0.052778
0 0.298828 0.252083 0.025781 0.037500
0 0.316406 0.260417 0.026562 0.059722
0 0.258984 0.267361 0.035156 0.059722
0 0.274609 0.288194 0.050781 0.070833
0 0.214453 0.293750 0.050781 0.062500
0 0.180469 0.280556 0.043750 0.061111
0 0.109766 0.304167 0.052344 0.086111
0 0.141016 0.324306 0.058594 0.081944
0 0.219922 0.341667 0.066406 0.083333
0 0.161719 0.375000 0.085938 0.091667
0 0.036719 0.331250 0.073438 0.140278
0 0.014844 0.377778 0.029687 0.113889
0 0.147656 0.504861 0.167187 0.195833
0 0.250391 0.588194 0.216406 0.273611
0 0.296875 0.358333 0.079687 0.116667
0 0.341797 0.309028 0.053906 0.068056
0 0.363281 0.245833 0.067187 0.141667
0 0.405859 0.243056 0.027344 0.047222
0 0.423047 0.228472 0.024219 0.040278
0 0.462109 0.238889 0.030469 0.044444
0 0.444531 0.252083 0.031250 0.034722
0 0.432422 0.288889 0.052344 0.077778
0 0.427344 0.320139 0.059375 0.076389
0 0.504297 0.243056 0.028906 0.047222
0 0.516016 0.265278 0.039844 0.038889
0 0.516406 0.303472 0.045312 0.065278
0 0.497266 0.351389 0.089844 0.100000
0 0.497266 0.457639 0.121094 0.154167
