1 0.866406 0.466204 0.024479 0.126852
1 0.826823 0.464815 0.023438 0.114815
1 0.741667 0.440741 0.020833 0.051852
1 0.680469 0.442130 0.013021 0.025000
1 0.660677 0.458333 0.004687 0.046296
0 0.607292 0.463426 0.025000 0.052778
0 0.494271 0.595370 0.277083 0.381481
0 0.358854 0.472685 0.020833 0.030556
0 0.337760 0.477315 0.028646 0.045370
0 0.309375 0.477778 0.036458 0.062963
0 0.238281 0.443056 0.056771 0.067593
0 0.273177 0.501852 0.085938 0.103704
0 0.203385 0.484722 0.066146 0.106481
0 0.153646 0.504630 0.076042 0.100000
0 0.088281 0.513426 0.076563 0.112037
0 0.034635 0.523611 0.069271 0.130556
1 0.532552 0.327315 0.005729 0.026852
1 0.503906 0.327778 0.006771 0.025926
