0 0.211719 0.522917 0.081250 0.095833
0 0.259375 0.465972 0.026562 0.043056
0 0.022266 0.543750 0.044531 0.059722
0 0.070703 0.786111 0.141406 0.425000
0 0.160938 0.582639 0.132812 0.170833
0 0.307812 0.577778 0.143750 0.236111
0 0.421875 0.536806 0.107813 0.159722
0 0.495703 0.508333 0.069531 0.102778
0 0.533203 0.486806 0.044531 0.070833
0 0.550000 0.460417 0.040625 0.056944
0 0.775781 0.559722 0.164062 0.238889
0 0.719141 0.472917 0.049219 0.070833
0 0.699219 0.465278 0.042188 0.066667
0 0.672656 0.443750 0.032813 0.048611
0 0.631250 0.452778 0.037500 0.055556
0 0.674219 0.401389 0.029687 0.041667
0 0.794531 0.405556 0.067187 0.080556
0 0.591016 0.517361 0.083594 0.115278
0 0.587891 0.438194 0.028906 0.040278
