0 0.128646 0.552315 0.092708 0.075000
0 0.348958 0.497685 0.059375 0.104630
0 0.523438 0.550000 0.110417 0.151852
0 0.634375 0.469907 0.064583 0.108333
0 0.704688 0.501389 0.053125 0.073148
0 0.730990 0.469907 0.038021 0.080556
0 0.756250 0.482407 0.020833 0.035185
0 0.765885 0.469444 0.023438 0.033333
0 0.772656 0.441204 0.017188 0.028704
0 0.781250 0.466204 0.017708 0.026852
0 0.801823 0.494444 0.036979 0.053704
0 0.806510 0.442593 0.032813 0.053704
0 0.823177 0.483796 0.022396 0.036111
0 0.831771 0.427778 0.020833 0.055556
0 0.674219 0.460185 0.020313 0.025926
0 0.468229 0.509722 0.028125 0.036111
0 0.518490 0.472222 0.066146 0.027778
