0 0.028646 0.523611 0.057292 0.023148
0 0.328646 0.506019 0.034375 0.037963
0 0.381771 0.510648 0.015625 0.023148
0 0.429167 0.503241 0.057292 0.115741
0 0.461979 0.507407 0.017708 0.053704
0 0.515885 0.607870 0.163021 0.223148
0 0.576042 0.529167 0.020833 0.032407
0 0.581510 0.496296 0.021354 0.048148
0 0.622917 0.489815 0.070833 0.074074
0 0.617708 0.550000 0.082292 0.111111
0 0.688021 0.524537 0.032292 0.052778
0 0.748437 0.596296 0.185417 0.201852
0 0.790365 0.452778 0.159896 0.162963
0 0.870313 0.570833 0.110417 0.139815
