0 0.985156 0.596759 0.028646 0.113889
0 0.891406 0.576389 0.052604 0.086111
1 0.909375 0.586574 0.016667 0.093519
0 0.835677 0.611574 0.044271 0.119444
0 0.700781 0.521296 0.227604 0.374074
0 0.573438 0.617593 0.032292 0.072222
0 0.522135 0.624537 0.027604 0.054630
0 0.505990 0.634259 0.024479 0.035185
0 0.460938 0.628704 0.031250 0.050000
0 0.314583 0.598611 0.030208 0.036111
0 0.290104 0.618056 0.042708 0.093519
0 0.243490 0.606019 0.075521 0.123148
0 0.192188 0.619444 0.084375 0.133333
0 0.078906 0.611574 0.157812 0.210185
0 0.015104 0.528704 0.030208 0.051852
0 0.007812 0.569444 0.015625 0.061111
0 0.483333 0.635648 0.014583 0.032407
