0 0.124740 0.540278 0.249479 0.387963
0 0.285938 0.530093 0.113542 0.163889
0 0.365365 0.510648 0.081771 0.113889
0 0.411198 0.494907 0.044271 0.073148
0 0.334896 0.467593 0.028125 0.029630
0 0.482292 0.491204 0.109375 0.195370
0 0.529427 0.461574 0.025521 0.128704
0 0.546615 0.472222 0.013021 0.029630
0 0.558594 0.476852 0.022396 0.044444
0 0.599740 0.455093 0.071354 0.147222
0 0.634375 0.490741 0.089583 0.138889
0 0.699219 0.487963 0.044271 0.087037
0 0.767188 0.425463 0.119792 0.249074
0 0.899740 0.519907 0.090104 0.149074
0 0.941667 0.574537 0.115625 0.525000
0 0.427604 0.481019 0.016667 0.054630
