0 0.058854 0.584259 0.116667 0.235185
0 0.185677 0.500463 0.054688 0.047222
0 0.278125 0.506481 0.021875 0.029630
0 0.311198 0.492593 0.050521 0.062963
0 0.346875 0.501852 0.025000 0.042593
0 0.368490 0.539352 0.015104 0.049074
0 0.395052 0.550463 0.058854 0.080556
0 0.422396 0.530556 0.015625 0.027778
0 0.446094 0.534259 0.034896 0.053704
0 0.468750 0.518519 0.020833 0.055556
0 0.499479 0.548148 0.054167 0.068519
0 0.539323 0.507407 0.031771 0.074074
0 0.552344 0.531944 0.021354 0.049074
0 0.580729 0.519444 0.043750 0.098148
0 0.601302 0.543519 0.058854 0.085185
0 0.697917 0.562037 0.109375 0.157407
0 0.838281 0.624074 0.239063 0.279630
0 0.540365 0.531019 0.014063 0.036111
