0 0.034896 0.495370 0.069792 0.101852
0 0.062760 0.593981 0.125521 0.154630
0 0.142187 0.565741 0.057292 0.074074
0 0.213281 0.560648 0.046354 0.058333
0 0.260156 0.555556 0.040104 0.061111
0 0.288021 0.540278 0.022917 0.025000
0 0.254688 0.527315 0.057292 0.065741
0 0.295052 0.524074 0.025521 0.048148
0 0.315104 0.516667 0.014583 0.025926
0 0.517708 0.528704 0.025000 0.046296
0 0.496354 0.543056 0.022917 0.028704
0 0.479167 0.539815 0.019792 0.031481
0 0.448177 0.542130 0.028646 0.043519
0 0.536198 0.535648 0.014063 0.025000
0 0.656510 0.496296 0.191146 0.322222
1 0.410417 0.341667 0.010417 0.037037
1 0.828646 0.500000 0.012500 0.035185
