1 0.280469 0.357870 0.019271 0.104630
1 0.298177 0.374074 0.021354 0.114815
1 0.372656 0.359259 0.019271 0.079630
1 0.489844 0.349074 0.013021 0.111111
1 0.496615 0.379630 0.036979 0.057407
0 0.718750 0.376389 0.019792 0.034259
0 0.732031 0.381481 0.017188 0.046296
0 0.753646 0.389352 0.034375 0.062037
0 0.771354 0.378241 0.014583 0.025000
0 0.796094 0.397685 0.046354 0.060185
0 0.829688 0.400926 0.035417 0.051852
0 0.856510 0.390741 0.027604 0.024074
0 0.869271 0.417130 0.046875 0.067593
0 0.783073 0.352315 0.036979 0.030556
1 0.584635 0.340741 0.008854 0.024074
