0 0.894531 0.525694 0.048438 0.104167
0 0.819922 0.586111 0.160156 0.233333
0 0.330469 0.581944 0.054688 0.125000
0 0.405078 0.584028 0.133594 0.195833
0 0.469922 0.525694 0.066406 0.120833
0 0.739844 0.521528 0.075000 0.145833
0 0.560547 0.477778 0.021094 0.047222
0 0.463672 0.445139 0.046094 0.045833
0 0.569531 0.496528 0.031250 0.043056
0 0.607812 0.535417 0.064062 0.095833
0 0.694141 0.495833 0.036719 0.052778
0 0.683984 0.484028 0.032031 0.051389
0 0.660156 0.476389 0.025000 0.036111
0 0.526563 0.499306 0.028125 0.043056
0 0.635156 0.491667 0.040625 0.055556
0 0.053906 0.565972 0.107813 0.154167
0 0.255078 0.502083 0.028906 0.045833
