0 0.020052 0.670833 0.040104 0.221296
0 0.027083 0.589815 0.054167 0.172222
0 0.054688 0.556019 0.092708 0.136111
0 0.103646 0.573148 0.048958 0.138889
0 0.182292 0.596759 0.177083 0.215741
0 0.275000 0.523611 0.039583 0.086111
0 0.410417 0.656944 0.318750 0.478704
0 0.543750 0.486574 0.036458 0.062037
0 0.528125 0.496759 0.029167 0.099074
0 0.580208 0.513889 0.051042 0.111111
0 0.596354 0.540741 0.041667 0.087037
0 0.652083 0.543519 0.093750 0.181481
0 0.852083 0.609259 0.213542 0.246296
0 0.701823 0.565278 0.014063 0.100926
0 0.593490 0.468519 0.043229 0.059259
