0 0.048177 0.650926 0.096354 0.400000
0 0.059115 0.440278 0.118229 0.158333
0 0.184115 0.488426 0.064062 0.058333
0 0.258073 0.498611 0.043229 0.037963
0 0.408854 0.542130 0.048958 0.065741
0 0.497135 0.551852 0.088021 0.129630
0 0.438021 0.535185 0.032292 0.051852
0 0.531510 0.502778 0.021354 0.050000
0 0.539062 0.515741 0.019792 0.040741
0 0.550000 0.527778 0.022917 0.033333
0 0.572135 0.531481 0.029687 0.040741
0 0.603125 0.544444 0.050000 0.074074
0 0.611458 0.549074 0.059375 0.094444
0 0.695312 0.521296 0.134375 0.242593
