0 0.890365 0.562500 0.072396 0.063889
0 0.782292 0.547222 0.061458 0.059259
0 0.682292 0.552315 0.140625 0.212037
0 0.600521 0.516667 0.031250 0.040741
0 0.564063 0.481944 0.041667 0.060185
0 0.566146 0.539815 0.064583 0.081481
0 0.526563 0.501389 0.030208 0.039815
0 0.499479 0.493519 0.026042 0.035185
0 0.509896 0.524537 0.046875 0.058333
0 0.461979 0.486574 0.023958 0.032407
0 0.446354 0.531481 0.062500 0.092593
0 0.415625 0.520370 0.021875 0.051852
0 0.395833 0.503241 0.029167 0.037963
0 0.409896 0.488426 0.020833 0.028704
0 0.374479 0.494907 0.023958 0.032407
0 0.355729 0.447685 0.029167 0.047222
0 0.073177 0.443056 0.021354 0.034259
