0 0.113542 0.570370 0.128125 0.142593
0 0.314583 0.445833 0.193750 0.393519
0 0.421354 0.475463 0.056250 0.215741
0 0.460156 0.519907 0.024479 0.032407
0 0.504427 0.543981 0.071354 0.093519
0 0.471615 0.503241 0.018229 0.043519
0 0.146094 0.498148 0.036979 0.029630
0 0.667708 0.518519 0.033333 0.055556
0 0.645833 0.519444 0.018750 0.044444
0 0.626302 0.522222 0.020313 0.037037
0 0.607031 0.517130 0.020313 0.034259
0 0.008073 0.581481 0.016146 0.101852
0 0.017448 0.480093 0.034896 0.067593
0 0.598958 0.504167 0.025000 0.052778
0 0.577604 0.496759 0.018750 0.047222
0 0.491927 0.496759 0.030729 0.025000
