0 0.078646 0.409259 0.157292 0.131481
0 0.266406 0.428704 0.045312 0.059259
0 0.278906 0.454167 0.032813 0.028704
0 0.397135 0.443981 0.018229 0.023148
0 0.381510 0.497685 0.068229 0.084259
0 0.433594 0.478241 0.039062 0.049074
0 0.467448 0.462963 0.026562 0.033333
0 0.504948 0.442593 0.043229 0.101852
0 0.515365 0.481944 0.041146 0.056481
0 0.539844 0.430556 0.026562 0.051852
0 0.561979 0.454630 0.022917 0.035185
0 0.568229 0.441204 0.014583 0.023148
0 0.592187 0.465741 0.033333 0.042593
0 0.607812 0.423611 0.021875 0.041667
0 0.716667 0.449074 0.097917 0.174074
