0 0.134115 0.442593 0.066146 0.053704
0 0.322135 0.456019 0.027604 0.021296
0 0.346354 0.437963 0.042708 0.055556
0 0.375000 0.434722 0.015625 0.039815
0 0.392969 0.452315 0.013021 0.025000
0 0.367969 0.501852 0.075521 0.092593
0 0.425000 0.485185 0.041667 0.051852
0 0.451562 0.476852 0.023958 0.035185
0 0.469010 0.469444 0.019271 0.027778
0 0.497917 0.450463 0.042708 0.099074
0 0.513802 0.486111 0.042188 0.055556
0 0.541927 0.468056 0.020313 0.034259
0 0.564583 0.477315 0.035417 0.047222
0 0.587760 0.472222 0.020313 0.031481
0 0.582812 0.434259 0.022917 0.040741
0 0.676823 0.455556 0.075521 0.138889
