0 0.053125 0.422222 0.065625 0.083333
0 0.247656 0.505556 0.023438 0.094444
0 0.208594 0.524306 0.093750 0.156944
0 0.143359 0.572222 0.142969 0.219444
0 0.082031 0.653472 0.164062 0.281944
0 0.266016 0.468056 0.028906 0.050000
0 0.283594 0.473611 0.021875 0.080556
0 0.312109 0.479167 0.053906 0.116667
0 0.347266 0.493056 0.074219 0.094444
0 0.382422 0.516667 0.182031 0.094444
0 0.396875 0.739583 0.293750 0.423611
0 0.407422 0.398611 0.100781 0.147222
0 0.476172 0.495139 0.049219 0.076389
0 0.516406 0.516667 0.085938 0.113889
0 0.608984 0.563889 0.155469 0.227778
0 0.721094 0.627778 0.176563 0.269444
0 0.872266 0.733333 0.253906 0.522222
0 0.192188 0.422917 0.021875 0.040278
