0 0.852344 0.606019 0.220312 0.330556
0 0.576302 0.518981 0.056771 0.106481
0 0.493750 0.543519 0.065625 0.094444
0 0.344010 0.562963 0.084896 0.109259
0 0.420052 0.537963 0.040104 0.051852
0 0.253906 0.510185 0.036979 0.031481
0 0.444010 0.506481 0.019271 0.042593
0 0.457292 0.499074 0.011458 0.027778
0 0.494010 0.484722 0.026562 0.023148
0 0.527604 0.524537 0.015625 0.023148
0 0.539062 0.531019 0.015625 0.036111
0 0.547135 0.535185 0.013021 0.040741
0 0.032552 0.519907 0.045312 0.023148
0 0.456250 0.528704 0.017708 0.027778
