1 0.894792 0.544907 0.045833 0.184259
0 0.941146 0.478241 0.116667 0.234259
0 0.852344 0.495370 0.089063 0.137037
0 0.886719 0.254167 0.143229 0.347222
0 0.793750 0.452315 0.029167 0.045370
0 0.748698 0.436574 0.026562 0.062037
0 0.722917 0.474537 0.043750 0.056481
0 0.647135 0.442593 0.034896 0.038889
0 0.607031 0.434722 0.017188 0.030556
0 0.578385 0.446296 0.045312 0.124074
0 0.492448 0.557407 0.214062 0.357407
0 0.231250 0.520833 0.147917 0.291667
0 0.145573 0.500463 0.032813 0.067593
0 0.315365 0.480093 0.038021 0.041667
0 0.326823 0.453704 0.024479 0.031481
0 0.350521 0.444907 0.022917 0.028704
0 0.385937 0.430556 0.017708 0.022222
