0 0.028646 0.574074 0.057292 0.118519
0 0.161979 0.581944 0.121875 0.139815
0 0.213021 0.530556 0.044792 0.064815
0 0.320833 0.511111 0.047917 0.066667
0 0.288281 0.498148 0.032813 0.066667
0 0.259375 0.494444 0.029167 0.040741
0 0.403906 0.505093 0.030729 0.050926
0 0.471615 0.586574 0.155729 0.252778
0 0.490365 0.447222 0.094271 0.155556
0 0.704948 0.600926 0.164062 0.201852
0 0.800000 0.540741 0.077083 0.114815
0 0.907552 0.551852 0.142187 0.155556
0 0.979948 0.548148 0.039062 0.153704
0 0.389583 0.464815 0.020833 0.048148
0 0.373958 0.476389 0.013542 0.026852
0 0.548698 0.469444 0.021354 0.029630
0 0.892969 0.474537 0.073438 0.030556
0 0.840365 0.503241 0.034896 0.054630
0 0.393750 0.475926 0.023958 0.035185
