0 0.630469 0.452778 0.039062 0.055556
0 0.075781 0.752083 0.151562 0.493056
0 0.582031 0.454167 0.023438 0.041667
0 0.563281 0.464583 0.029687 0.062500
0 0.537500 0.471528 0.037500 0.070833
0 0.512891 0.497917 0.042969 0.084722
0 0.527344 0.485417 0.043750 0.070833
0 0.433594 0.469444 0.048438 0.061111
0 0.328906 0.468750 0.064062 0.048611
0 0.828516 0.458333 0.072656 0.130556
0 0.149609 0.536806 0.071094 0.095833
0 0.226953 0.557639 0.130469 0.173611
0 0.315625 0.534722 0.059375 0.116667
0 0.383984 0.558333 0.132031 0.186111
0 0.478516 0.515278 0.072656 0.108333
0 0.259375 0.461111 0.026562 0.036111
0 0.951953 0.733333 0.094531 0.408333
0 0.739453 0.498611 0.085156 0.105556
0 0.666016 0.446528 0.021094 0.043056
0 0.689063 0.450694 0.040625 0.059722
0 0.705469 0.435417 0.021875 0.040278
0 0.762109 0.418750 0.063281 0.120833
0 0.674609 0.401389 0.028906 0.047222
0 0.647656 0.427778 0.025000 0.061111
