0 0.108854 0.451389 0.057292 0.041667
0 0.159115 0.426852 0.070312 0.085185
0 0.343229 0.446296 0.025000 0.027778
0 0.370052 0.449074 0.027604 0.020370
0 0.386979 0.492593 0.065625 0.081481
0 0.440104 0.469907 0.038542 0.047222
0 0.475000 0.455093 0.025000 0.034259
0 0.510417 0.434259 0.046875 0.101852
0 0.512500 0.476389 0.041667 0.056481
0 0.547656 0.427315 0.025521 0.052778
0 0.568750 0.449074 0.022917 0.035185
0 0.577344 0.437963 0.015104 0.022222
0 0.602344 0.456944 0.031771 0.043519
0 0.611719 0.422222 0.017188 0.044444
0 0.737760 0.446759 0.109896 0.195370
