0 0.107422 0.770139 0.214844 0.443056
0 0.166797 0.568750 0.158594 0.206944
0 0.246875 0.525000 0.042188 0.102778
0 0.346484 0.522917 0.074219 0.123611
0 0.381250 0.565972 0.129688 0.168056
0 0.494141 0.496528 0.074219 0.106944
0 0.455078 0.489583 0.028906 0.062500
0 0.259766 0.465972 0.025781 0.043056
0 0.822656 0.540278 0.146875 0.205556
0 0.876953 0.485417 0.038281 0.095833
0 0.537891 0.479167 0.036719 0.069444
0 0.559375 0.470833 0.031250 0.058333
0 0.569922 0.461806 0.019531 0.048611
0 0.575391 0.440278 0.033594 0.038889
0 0.716016 0.459028 0.066406 0.140278
0 0.409375 0.452083 0.045312 0.040278
0 0.671875 0.445139 0.025000 0.040278
0 0.603125 0.494444 0.064062 0.088889
0 0.630859 0.452778 0.038281 0.055556
0 0.666406 0.406250 0.025000 0.034722
0 0.600000 0.425694 0.020313 0.040278
