0 0.164062 0.628241 0.215625 0.254630
0 0.328906 0.559259 0.106771 0.155556
0 0.279948 0.481944 0.028646 0.045370
0 0.261198 0.479167 0.013021 0.036111
0 0.390365 0.541667 0.061979 0.098148
0 0.419531 0.530556 0.030729 0.070370
0 0.420833 0.519444 0.038542 0.066667
0 0.376302 0.476852 0.021354 0.024074
0 0.526042 0.667130 0.245833 0.350926
0 0.624219 0.537963 0.043229 0.085185
0 0.748437 0.425926 0.235417 0.455556
0 0.867448 0.495833 0.264062 0.565741
0 0.595573 0.493519 0.039062 0.020370
0 0.526823 0.451389 0.040104 0.021296
0 0.522135 0.477778 0.105729 0.033333
0 0.427344 0.477315 0.023438 0.023148
