0 0.054297 0.627778 0.108594 0.225000
0 0.060937 0.515972 0.056250 0.051389
0 0.201953 0.634028 0.199219 0.318056
0 0.364063 0.564583 0.142187 0.204167
0 0.568750 0.452778 0.025000 0.036111
0 0.542188 0.468750 0.042188 0.068056
0 0.516797 0.494444 0.055469 0.080556
0 0.463672 0.525694 0.085156 0.120833
0 0.631250 0.452778 0.037500 0.052778
0 0.598047 0.507639 0.074219 0.106944
0 0.662109 0.439583 0.032031 0.045833
0 0.671094 0.415278 0.028125 0.063889
0 0.693750 0.459722 0.035937 0.063889
0 0.710938 0.463194 0.040625 0.059722
0 0.741016 0.525000 0.117969 0.177778
0 0.300000 0.491667 0.031250 0.036111
0 0.306641 0.515972 0.025781 0.068056
0 0.779297 0.430556 0.057031 0.116667
0 0.891016 0.547222 0.216406 0.516667
0 0.586328 0.438194 0.028906 0.040278
0 0.409766 0.477083 0.047656 0.048611
0 0.603906 0.428472 0.017188 0.045833
0 0.610547 0.419444 0.019531 0.041667
