0 0.123958 0.514815 0.037500 0.022222
0 0.193229 0.502778 0.051042 0.044444
0 0.497656 0.548148 0.050521 0.070370
0 0.513281 0.480093 0.013021 0.028704
0 0.519271 0.505556 0.013542 0.029630
0 0.524219 0.511574 0.018229 0.036111
0 0.528125 0.525463 0.018750 0.025000
0 0.546094 0.504630 0.018229 0.037037
0 0.554948 0.535185 0.035937 0.051852
0 0.592969 0.528241 0.026562 0.041667
0 0.611979 0.556019 0.063542 0.089815
0 0.697396 0.577778 0.145833 0.200000
0 0.659115 0.486111 0.050521 0.087037
0 0.933333 0.493519 0.131250 0.425926
