0 0.043490 0.559722 0.082812 0.045370
0 0.154948 0.546759 0.073438 0.041667
0 0.204427 0.547222 0.043229 0.027778
0 0.328385 0.511574 0.116146 0.091667
0 0.326823 0.567593 0.109896 0.129630
0 0.445052 0.503241 0.100521 0.099074
0 0.515625 0.525926 0.048958 0.068519
0 0.565625 0.590278 0.106250 0.147222
0 0.620313 0.566204 0.048958 0.086111
0 0.663021 0.543519 0.051042 0.101852
0 0.730990 0.562963 0.026562 0.037037
0 0.742448 0.574537 0.034896 0.050926
0 0.690365 0.543981 0.014063 0.062037
0 0.792448 0.556944 0.013021 0.034259
0 0.843750 0.542593 0.017708 0.062963
