0 0.136198 0.687500 0.272396 0.623148
0 0.212240 0.506481 0.060937 0.122222
0 0.307552 0.603704 0.171354 0.229630
0 0.427344 0.550926 0.107813 0.207407
0 0.471615 0.520833 0.066146 0.158333
0 0.516667 0.500000 0.029167 0.111111
0 0.567969 0.486574 0.034896 0.047222
0 0.557813 0.537500 0.022917 0.056481
0 0.564583 0.541204 0.017708 0.062037
0 0.574740 0.546759 0.028646 0.075000
0 0.603906 0.551389 0.059896 0.089815
0 0.689063 0.579630 0.152083 0.212963
0 0.828646 0.625926 0.196875 0.298148
0 0.943750 0.474537 0.111458 0.949074
0 0.508854 0.517593 0.013542 0.090741
