0 0.290104 0.495370 0.022917 0.027778
0 0.312760 0.508333 0.023438 0.068519
0 0.331510 0.506944 0.023438 0.137963
0 0.422917 0.493519 0.185417 0.350000
0 0.863802 0.463426 0.058854 0.060185
0 0.824219 0.487500 0.019271 0.041667
0 0.862500 0.494907 0.061458 0.039815
0 0.682292 0.493056 0.034375 0.034259
0 0.600521 0.480556 0.053125 0.051852
1 0.518490 0.520833 0.009896 0.060185
1 0.765625 0.487500 0.015625 0.032407
1 0.783333 0.491204 0.014583 0.034259
0 0.736198 0.491204 0.033854 0.025000
0 0.773177 0.492593 0.045312 0.024074
0 0.225260 0.526389 0.022396 0.036111
0 0.227083 0.530093 0.013542 0.034259
0 0.218490 0.530093 0.014063 0.034259
0 0.203385 0.533796 0.027604 0.037963
0 0.163542 0.530556 0.028125 0.050000
0 0.129948 0.548148 0.043229 0.062963
0 0.078125 0.556019 0.067708 0.087963
0 0.026302 0.568981 0.052604 0.108333
0 0.068229 0.512500 0.055208 0.065741
0 0.107031 0.510185 0.024479 0.051852
0 0.186458 0.529630 0.015625 0.027778
0 0.239063 0.528704 0.011458 0.031481
0 0.264062 0.494907 0.019792 0.026852
