0 0.129688 0.495370 0.054167 0.024074
0 0.479427 0.649074 0.257812 0.353704
0 0.597917 0.502315 0.068750 0.132407
0 0.566406 0.494444 0.017188 0.031481
0 0.654687 0.473148 0.044792 0.087037
0 0.711979 0.492130 0.048958 0.043519
0 0.680469 0.563426 0.130729 0.147222
0 0.766667 0.550926 0.081250 0.105556
0 0.802604 0.504630 0.041667 0.038889
0 0.826823 0.512037 0.036979 0.025926
0 0.860156 0.513889 0.073438 0.031481
0 0.910417 0.507407 0.051042 0.038889
0 0.964323 0.500463 0.070312 0.052778
0 0.958594 0.585185 0.081771 0.181481
