0 0.296094 0.508796 0.016146 0.023148
0 0.431771 0.491667 0.015625 0.024074
0 0.374219 0.517593 0.015104 0.024074
0 0.384375 0.527315 0.017708 0.028704
0 0.400781 0.532870 0.026562 0.043519
0 0.410938 0.539352 0.023958 0.045370
0 0.434635 0.547222 0.046354 0.061111
0 0.451823 0.533796 0.022396 0.039815
0 0.467708 0.529167 0.018750 0.032407
0 0.487240 0.540278 0.036979 0.052778
0 0.543229 0.484722 0.061458 0.069444
0 0.570312 0.576852 0.132292 0.203704
0 0.638802 0.566667 0.035937 0.100000
0 0.654167 0.548148 0.057292 0.087037
0 0.865625 0.581481 0.083333 0.146296
0 0.926042 0.658333 0.146875 0.446296
