0 0.038802 0.473148 0.067187 0.053704
0 0.158594 0.504630 0.121354 0.218519
0 0.297135 0.487963 0.031771 0.044444
0 0.352344 0.513889 0.083854 0.181481
0 0.387500 0.451852 0.017708 0.024074
0 0.402865 0.476852 0.024479 0.035185
0 0.429167 0.498148 0.047917 0.077778
0 0.445312 0.456944 0.037500 0.062037
0 0.524219 0.407870 0.052604 0.047222
0 0.506510 0.537037 0.143229 0.233333
0 0.601042 0.458796 0.075000 0.147222
0 0.648438 0.448148 0.022917 0.035185
0 0.701042 0.476389 0.035417 0.049074
0 0.728646 0.441204 0.020833 0.050926
0 0.765365 0.491204 0.021354 0.091667
1 0.805208 0.508796 0.021875 0.108333
0 0.811458 0.479167 0.089583 0.149074
0 0.826302 0.351852 0.113021 0.351852
0 0.920052 0.500463 0.077604 0.104630
0 0.972135 0.529167 0.054688 0.141667
0 0.977604 0.427315 0.043750 0.104630
0 0.407552 0.443981 0.017188 0.023148
