0 0.015234 0.435417 0.030469 0.090278
0 0.011719 0.459722 0.023438 0.050000
0 0.066406 0.423611 0.054688 0.116667
0 0.063672 0.454861 0.025781 0.040278
0 0.116406 0.413194 0.035937 0.034722
0 0.130078 0.436111 0.036719 0.036111
0 0.102344 0.456944 0.057813 0.050000
0 0.081641 0.509722 0.080469 0.119444
0 0.241016 0.414583 0.075781 0.104167
0 0.224219 0.445139 0.068750 0.043056
0 0.222266 0.531944 0.085156 0.175000
0 0.267578 0.530556 0.039844 0.125000
0 0.172266 0.553472 0.136719 0.206944
0 0.305859 0.459722 0.035156 0.047222
0 0.313672 0.483333 0.028906 0.072222
0 0.330078 0.505556 0.032031 0.097222
0 0.424609 0.686111 0.264844 0.427778
0 0.543359 0.404167 0.167969 0.330556
0 0.587500 0.556250 0.110937 0.159722
0 0.686328 0.611111 0.188281 0.255556
0 0.816797 0.709722 0.186719 0.358333
0 0.924219 0.705556 0.150000 0.586111
0 0.707422 0.466667 0.096094 0.047222
0 0.784766 0.498611 0.100781 0.094444
0 0.868750 0.495139 0.104688 0.073611
0 0.887109 0.445833 0.071094 0.038889
0 0.633984 0.432639 0.057031 0.093056
