0 0.606510 0.532870 0.091146 0.128704
0 0.646875 0.495833 0.017708 0.037963
0 0.666146 0.495833 0.030208 0.043519
0 0.718229 0.500926 0.044792 0.064815
0 0.887760 0.505093 0.117188 0.097222
0 0.866146 0.488889 0.090625 0.092593
0 0.035937 0.516667 0.071875 0.155556
0 0.098698 0.548611 0.089063 0.082407
0 0.188021 0.532407 0.018750 0.059259
0 0.213281 0.527778 0.051562 0.074074
0 0.233333 0.531944 0.073958 0.063889
0 0.280469 0.522222 0.036979 0.051852
0 0.311458 0.512500 0.034375 0.050926
0 0.337500 0.501852 0.026042 0.035185
0 0.359115 0.505093 0.040104 0.030556
0 0.341667 0.471759 0.035417 0.049074
0 0.458594 0.511111 0.030729 0.077778
0 0.496354 0.526852 0.069792 0.107407
