0 0.316406 0.422917 0.056250 0.098611
0 0.382031 0.531944 0.039062 0.097222
0 0.272656 0.515972 0.050000 0.081944
0 0.180859 0.507639 0.047656 0.048611
0 0.226562 0.520833 0.082812 0.063889
0 0.332031 0.544444 0.098437 0.122222
0 0.224219 0.618750 0.140625 0.184722
0 0.103125 0.702778 0.206250 0.372222
0 0.473828 0.408333 0.182031 0.388889
0 0.483984 0.642361 0.197656 0.215278
0 0.413281 0.801389 0.404687 0.394444
0 0.569531 0.479167 0.026562 0.055556
0 0.607422 0.489583 0.072656 0.081944
0 0.791406 0.469444 0.101562 0.061111
