0 0.147135 0.565741 0.085938 0.098148
0 0.128125 0.535185 0.050000 0.077778
0 0.195833 0.519444 0.038542 0.057407
0 0.242969 0.520370 0.063021 0.120370
0 0.284115 0.505556 0.024479 0.046296
0 0.310156 0.512500 0.042188 0.063889
0 0.340625 0.529630 0.039583 0.068519
0 0.370312 0.551852 0.079167 0.100000
0 0.304688 0.463426 0.028125 0.039815
0 0.334635 0.473148 0.028646 0.035185
0 0.377344 0.472685 0.059896 0.113889
0 0.385417 0.392593 0.020833 0.033333
0 0.451302 0.424537 0.019271 0.028704
0 0.455729 0.402315 0.016667 0.037963
0 0.492188 0.431944 0.063542 0.062037
0 0.506250 0.384722 0.025000 0.034259
0 0.534375 0.463889 0.021875 0.040741
0 0.495312 0.555556 0.118750 0.192593
0 0.583854 0.537963 0.059375 0.083333
0 0.790625 0.519907 0.020833 0.056481
0 0.339844 0.435648 0.020313 0.030556
0 0.409115 0.433796 0.016146 0.026852
0 0.411719 0.476389 0.016146 0.036111
0 0.727604 0.498611 0.016667 0.058333
0 0.182552 0.550926 0.030729 0.070370
