0 0.342187 0.472222 0.047917 0.062963
0 0.443490 0.488889 0.029687 0.018519
0 0.463802 0.469444 0.044271 0.051852
0 0.504687 0.459722 0.026042 0.034259
0 0.547656 0.458796 0.023438 0.030556
0 0.534115 0.501852 0.023438 0.042593
0 0.550781 0.505556 0.014063 0.062963
0 0.483333 0.518056 0.041667 0.056481
0 0.392708 0.529167 0.078125 0.110185
0 0.587760 0.482870 0.070312 0.208333
0 0.626042 0.495370 0.033333 0.122222
0 0.650521 0.477778 0.015625 0.085185
0 0.694271 0.450000 0.022917 0.027778
0 0.139844 0.596296 0.259896 0.344444
