0 0.043750 0.442130 0.087500 0.119444
0 0.298438 0.550000 0.142708 0.201852
0 0.390104 0.492130 0.037500 0.056481
0 0.424479 0.517593 0.056250 0.072222
0 0.478646 0.459722 0.030208 0.065741
0 0.508073 0.507870 0.059896 0.110185
0 0.532031 0.459259 0.015104 0.037037
0 0.551302 0.473611 0.020313 0.047222
0 0.572917 0.491204 0.037500 0.063889
0 0.617708 0.485185 0.033333 0.055556
0 0.879167 0.618519 0.240625 0.311111
0 0.402344 0.452315 0.023438 0.025000
0 0.366927 0.462963 0.018229 0.024074
0 0.361979 0.458796 0.023958 0.036111
