0 0.894271 0.525463 0.062500 0.069444
0 0.855729 0.584259 0.021875 0.033333
0 0.873698 0.591667 0.035937 0.083333
0 0.909375 0.597222 0.066667 0.103704
0 0.965365 0.606481 0.068229 0.138889
0 0.773177 0.475926 0.113021 0.096296
0 0.770833 0.648611 0.196875 0.260185
0 0.062500 0.590741 0.091667 0.040741
0 0.244010 0.597222 0.095312 0.105556
0 0.404687 0.591204 0.045833 0.076852
0 0.465625 0.599537 0.031250 0.063889
0 0.428646 0.603704 0.072917 0.074074
0 0.548177 0.596296 0.053646 0.074074
0 0.509115 0.603704 0.070312 0.075926
0 0.573958 0.567593 0.031250 0.061111
0 0.623958 0.518056 0.096875 0.162037
0 0.622917 0.604167 0.091667 0.110185
0 0.671875 0.592130 0.016667 0.071296
0 0.686719 0.575463 0.029687 0.032407
