0 0.155990 0.549537 0.119271 0.152778
0 0.280729 0.488426 0.020833 0.034259
0 0.312500 0.479167 0.029167 0.049074
0 0.363802 0.482407 0.014063 0.031481
0 0.413021 0.472685 0.021875 0.026852
0 0.440104 0.475463 0.021875 0.037963
0 0.380208 0.541204 0.062500 0.082407
0 0.428906 0.519444 0.040104 0.059259
0 0.450781 0.505093 0.020313 0.028704
0 0.458594 0.497222 0.016146 0.024074
0 0.498177 0.551389 0.099479 0.147222
0 0.518750 0.469444 0.022917 0.031481
0 0.541146 0.502315 0.023958 0.056481
0 0.580990 0.531481 0.051562 0.066667
