1 0.825521 0.511574 0.010417 0.039815
0 0.924479 0.516667 0.086458 0.055556
0 0.847135 0.515741 0.050521 0.038889
0 0.804167 0.512037 0.036458 0.033333
0 0.720052 0.505093 0.030729 0.039815
0 0.751302 0.512500 0.032813 0.034259
0 0.432552 0.504167 0.020313 0.030556
0 0.544792 0.496296 0.016667 0.025926
0 0.526563 0.495833 0.013542 0.025000
0 0.503385 0.493056 0.016146 0.026852
0 0.480729 0.490278 0.014583 0.023148
0 0.454167 0.496759 0.014583 0.025000
0 0.444010 0.486111 0.017188 0.031481
0 0.247135 0.481481 0.030729 0.033333
0 0.149219 0.488889 0.030729 0.022222
0 0.325781 0.485648 0.016146 0.025000
