0 0.639323 0.498611 0.072396 0.102778
0 0.527865 0.499537 0.176563 0.299074
0 0.378385 0.432407 0.018229 0.024074
0 0.387760 0.450926 0.021354 0.033333
0 0.406250 0.460185 0.026042 0.040741
0 0.422917 0.469444 0.014583 0.048148
0 0.424479 0.477778 0.012500 0.050000
0 0.340104 0.414815 0.027083 0.053704
0 0.376823 0.474537 0.030729 0.062037
0 0.344531 0.503241 0.074479 0.106481
0 0.230990 0.524074 0.189062 0.253704
0 0.021094 0.556019 0.042188 0.167593
0 0.046875 0.443056 0.035417 0.039815
0 0.086458 0.425000 0.052083 0.075926
0 0.129427 0.424537 0.025521 0.056481
0 0.439323 0.461111 0.025521 0.127778
