0 0.364063 0.409028 0.053125 0.095833
0 0.485547 0.487500 0.052344 0.094444
0 0.434375 0.534028 0.092188 0.123611
0 0.316797 0.594444 0.174219 0.250000
0 0.266406 0.497917 0.054688 0.076389
0 0.200391 0.521528 0.083594 0.101389
0 0.130859 0.540972 0.094531 0.123611
0 0.060937 0.597917 0.121875 0.262500
0 0.394141 0.478472 0.050781 0.062500
0 0.583984 0.420833 0.153906 0.391667
0 0.678516 0.477083 0.047656 0.076389
0 0.599219 0.527778 0.135937 0.069444
0 0.628516 0.703472 0.263281 0.340278
0 0.444531 0.818056 0.596875 0.361111
