0 0.757812 0.449306 0.423438 0.729167
0 0.558203 0.515972 0.022656 0.037500
0 0.487109 0.494444 0.022656 0.036111
0 0.508594 0.540972 0.053125 0.065278
0 0.460547 0.527778 0.036719 0.055556
0 0.414453 0.527778 0.032031 0.044444
0 0.390234 0.523611 0.019531 0.038889
0 0.325781 0.542361 0.050000 0.087500
0 0.131641 0.524306 0.027344 0.068056
0 0.133594 0.542361 0.025000 0.037500
0 0.046094 0.566667 0.054688 0.069444
0 0.010156 0.570833 0.020313 0.088889
0 0.172656 0.694444 0.214062 0.280556
0 0.225391 0.515972 0.167969 0.401389
0 0.423047 0.465972 0.022656 0.045833
0 0.086719 0.562500 0.018750 0.050000
