0 0.253385 0.481944 0.034896 0.034259
0 0.149479 0.599537 0.197917 0.267593
0 0.283333 0.574537 0.119792 0.163889
0 0.346875 0.540278 0.055208 0.078704
0 0.358594 0.529167 0.048438 0.073148
0 0.380990 0.526852 0.016146 0.050000
0 0.214323 0.467130 0.015104 0.023148
0 0.275781 0.478704 0.014063 0.022222
0 0.301563 0.481481 0.017708 0.022222
0 0.323698 0.485185 0.021354 0.022222
0 0.384115 0.487500 0.026562 0.026852
0 0.491927 0.668056 0.264062 0.384259
0 0.626563 0.542130 0.082292 0.132407
0 0.715885 0.580093 0.140104 0.169444
0 0.902865 0.423148 0.193229 0.846296
0 0.493490 0.465278 0.117188 0.034259
