0 0.022135 0.542130 0.044271 0.171296
0 0.129948 0.636111 0.254688 0.301852
0 0.273177 0.539352 0.077604 0.106481
0 0.325521 0.541204 0.050000 0.073148
0 0.389323 0.540278 0.069271 0.100926
0 0.436458 0.532870 0.037500 0.056481
0 0.457292 0.526389 0.018750 0.039815
0 0.463802 0.503704 0.029687 0.070370
0 0.497135 0.529630 0.052604 0.094444
0 0.533073 0.514352 0.016146 0.041667
0 0.550000 0.520833 0.029167 0.047222
0 0.595052 0.519907 0.024479 0.050926
0 0.626823 0.549074 0.075521 0.096296
0 0.922917 0.442130 0.153125 0.467593
