0 0.280859 0.427083 0.060156 0.034722
0 0.216406 0.427083 0.054688 0.040278
0 0.274219 0.449306 0.029687 0.034722
0 0.246094 0.454861 0.043750 0.059722
0 0.217188 0.455556 0.026562 0.036111
0 0.150000 0.452083 0.045312 0.048611
0 0.036719 0.480556 0.073438 0.061111
0 0.165234 0.536111 0.110156 0.105556
0 0.042188 0.553472 0.084375 0.095833
0 0.196484 0.542361 0.121094 0.081944
0 0.405859 0.772222 0.811719 0.452778
0 0.474219 0.629861 0.464062 0.373611
0 0.440625 0.406944 0.089063 0.077778
0 0.535937 0.411111 0.051562 0.075000
0 0.637500 0.476389 0.028125 0.102778
0 0.698438 0.494444 0.112500 0.238889
0 0.763672 0.490972 0.025781 0.081944
0 0.817578 0.509722 0.094531 0.136111
0 0.890234 0.702083 0.217969 0.356944
0 0.986719 0.518750 0.025000 0.037500
1 0.986328 0.450694 0.008594 0.059722
1 0.980469 0.451389 0.007812 0.052778
1 0.973437 0.455556 0.009375 0.063889
