0 0.100521 0.419907 0.188542 0.175000
0 0.213542 0.492593 0.041667 0.025926
0 0.355990 0.493981 0.027604 0.025000
0 0.382812 0.487037 0.032292 0.037037
0 0.492969 0.557407 0.098437 0.129630
0 0.544531 0.504630 0.022396 0.033333
0 0.566406 0.498148 0.018229 0.027778
0 0.573698 0.525926 0.030729 0.064815
0 0.589323 0.533333 0.048438 0.077778
0 0.647656 0.553704 0.096354 0.135185
0 0.691927 0.535185 0.021354 0.074074
0 0.619792 0.472222 0.027083 0.029630
0 0.702604 0.481944 0.021875 0.030556
0 0.550260 0.480556 0.016146 0.024074
0 0.723177 0.543519 0.039062 0.094444
0 0.759115 0.550000 0.072396 0.116667
0 0.874740 0.637963 0.249479 0.409259
0 0.917448 0.294444 0.164062 0.305556
