0 0.823958 0.559259 0.102083 0.120370
0 0.590104 0.480556 0.028125 0.035185
0 0.555208 0.483796 0.029167 0.043519
0 0.534635 0.443056 0.018229 0.023148
0 0.502344 0.412500 0.013021 0.028704
0 0.505729 0.483796 0.034375 0.030556
0 0.496875 0.544907 0.076042 0.102778
0 0.434375 0.441667 0.031250 0.064815
0 0.468750 0.457407 0.021875 0.029630
0 0.464062 0.475000 0.026042 0.033333
0 0.448177 0.496296 0.035937 0.051852
0 0.379688 0.537037 0.079167 0.114815
0 0.303906 0.523148 0.070312 0.103704
0 0.217188 0.615741 0.190625 0.209259
0 0.336719 0.450463 0.020313 0.025000
0 0.257812 0.487500 0.026042 0.030556
0 0.059896 0.504167 0.037500 0.026852
