0 0.009635 0.450463 0.019271 0.026852
0 0.280208 0.417130 0.097917 0.086111
0 0.428125 0.433333 0.018750 0.025926
0 0.459896 0.435648 0.021875 0.025000
0 0.471615 0.412037 0.018229 0.038889
0 0.520312 0.392130 0.021875 0.034259
0 0.523958 0.402778 0.022917 0.035185
0 0.541406 0.391667 0.023438 0.037037
0 0.576562 0.371759 0.017708 0.032407
0 0.584635 0.376852 0.017188 0.031481
0 0.605208 0.367130 0.016667 0.023148
0 0.523698 0.554630 0.172396 0.242593
0 0.635938 0.481944 0.078125 0.115741
0 0.588021 0.458333 0.036458 0.070370
0 0.604688 0.401852 0.021875 0.040741
0 0.639323 0.395370 0.015104 0.027778
0 0.629948 0.412963 0.013021 0.022222
0 0.681250 0.435648 0.081250 0.143519
0 0.904687 0.436574 0.189583 0.363889
