1 0.510677 0.500926 0.059896 0.257407
0 0.523958 0.562500 0.079167 0.195370
1 0.439583 0.555556 0.039583 0.283333
1 0.646354 0.491204 0.015625 0.089815
1 0.688542 0.499074 0.041667 0.233333
1 0.746354 0.483796 0.019792 0.102778
0 0.739583 0.494444 0.061458 0.081481
0 0.646615 0.504167 0.052604 0.063889
0 0.608854 0.482870 0.128125 0.078704
0 0.766146 0.446296 0.120833 0.135185
0 0.801562 0.486574 0.089583 0.086111
0 0.852604 0.485648 0.032292 0.065741
0 0.920312 0.476852 0.127083 0.101852
0 0.977604 0.472222 0.043750 0.094444
0 0.348438 0.461111 0.026042 0.040741
0 0.362760 0.503241 0.055729 0.060185
0 0.302604 0.471296 0.052083 0.107407
0 0.221094 0.441204 0.125521 0.236111
0 0.153125 0.495370 0.013542 0.042593
0 0.141667 0.495370 0.020833 0.046296
0 0.123698 0.496296 0.030729 0.051852
0 0.092969 0.493519 0.038021 0.062963
0 0.077083 0.498611 0.029167 0.058333
0 0.051302 0.500000 0.042188 0.062963
0 0.017448 0.503241 0.034896 0.069444
