0 0.088281 0.571759 0.155729 0.171296
0 0.200000 0.464352 0.078125 0.069444
0 0.346354 0.453241 0.017708 0.028704
0 0.365625 0.456481 0.025000 0.035185
0 0.391667 0.458796 0.027083 0.039815
0 0.305729 0.521759 0.053125 0.073148
0 0.365365 0.525926 0.065104 0.100000
0 0.398177 0.495370 0.022396 0.035185
0 0.407292 0.487037 0.017708 0.029630
0 0.434115 0.483796 0.028646 0.071296
0 0.476042 0.554167 0.105208 0.136111
0 0.498698 0.445370 0.016146 0.027778
0 0.513281 0.462963 0.017188 0.027778
0 0.549219 0.481944 0.052604 0.108333
0 0.562240 0.473148 0.047396 0.066667
0 0.576562 0.516204 0.053125 0.086111
0 0.550260 0.518519 0.019271 0.062963
0 0.596875 0.530093 0.065625 0.087963
0 0.637500 0.547685 0.037500 0.128704
0 0.815625 0.416667 0.353125 0.585185
0 0.217708 0.514815 0.064583 0.094444
0 0.638802 0.489352 0.029687 0.054630
