0 0.105729 0.540741 0.052083 0.062963
0 0.284896 0.602315 0.161458 0.197222
0 0.416927 0.537037 0.034896 0.048148
0 0.528906 0.566204 0.115104 0.182407
0 0.610417 0.554630 0.059375 0.087037
0 0.430729 0.511111 0.040625 0.079630
0 0.516146 0.467593 0.061458 0.079630
0 0.708854 0.541667 0.034375 0.074074
0 0.734635 0.554167 0.053646 0.063889
0 0.958073 0.531481 0.080729 0.101852
0 0.477344 0.476389 0.017188 0.037963
0 0.011979 0.572685 0.023958 0.049074
0 0.710677 0.550000 0.018229 0.055556
0 0.478646 0.506944 0.020833 0.032407
0 0.455729 0.496759 0.013542 0.025000
0 0.404948 0.491667 0.014063 0.022222
0 0.388802 0.511574 0.019271 0.026852
0 0.377865 0.495370 0.019271 0.031481
0 0.390625 0.481481 0.016667 0.024074
0 0.447917 0.453241 0.014583 0.032407
