0 0.334896 0.481944 0.037500 0.063889
0 0.396615 0.454630 0.014063 0.031481
0 0.422656 0.490741 0.015104 0.022222
0 0.447917 0.484722 0.016667 0.025000
0 0.489844 0.518519 0.039062 0.055556
0 0.537240 0.484259 0.035937 0.074074
0 0.561979 0.473148 0.018750 0.042593
0 0.582292 0.473148 0.022917 0.050000
0 0.584896 0.535648 0.059375 0.076852
0 0.610156 0.498611 0.019271 0.030556
0 0.630990 0.501389 0.028646 0.045370
0 0.636458 0.471296 0.033333 0.053704
0 0.552344 0.518056 0.031771 0.045370
0 0.648438 0.511111 0.015625 0.037037
0 0.709115 0.475463 0.119271 0.171296
0 0.694010 0.579630 0.132812 0.164815
0 0.943490 0.538889 0.067187 0.087037
