0 0.046484 0.691667 0.092969 0.416667
0 0.069531 0.451389 0.060937 0.091667
0 0.227734 0.532639 0.103906 0.148611
0 0.253125 0.443750 0.059375 0.081944
0 0.117188 0.390972 0.046875 0.059722
0 0.177344 0.400694 0.054688 0.079167
0 0.207422 0.388889 0.027344 0.061111
0 0.188281 0.336806 0.039062 0.045833
0 0.328125 0.409722 0.048438 0.066667
0 0.788281 0.600000 0.187500 0.169444
0 0.753516 0.456944 0.046094 0.061111
0 0.253516 0.285417 0.028906 0.048611
0 0.275000 0.256250 0.029687 0.062500
0 0.357422 0.360417 0.038281 0.054167
0 0.326562 0.307639 0.029687 0.043056
0 0.342578 0.286111 0.024219 0.036111
0 0.376563 0.280556 0.042188 0.094444
