0 0.021484 0.464583 0.042969 0.106944
0 0.241797 0.440278 0.075781 0.058333
0 0.309766 0.456944 0.071094 0.144444
0 0.354687 0.450694 0.034375 0.115278
0 0.295703 0.481944 0.067969 0.108333
0 0.279297 0.503472 0.036719 0.070833
1 0.309766 0.491667 0.021094 0.088889
0 0.203906 0.584722 0.268750 0.352778
0 0.675391 0.431944 0.049219 0.075000
1 0.729297 0.427083 0.014844 0.045833
1 0.701562 0.435417 0.014063 0.056944
0 0.616797 0.443056 0.069531 0.169444
0 0.669922 0.438889 0.036719 0.038889
0 0.761328 0.500694 0.117969 0.162500
0 0.862109 0.529167 0.225781 0.222222
0 0.982422 0.811111 0.033594 0.375000
