0 0.176953 0.511806 0.142969 0.204167
0 0.258203 0.447222 0.071094 0.108333
0 0.310937 0.400694 0.051562 0.076389
0 0.466797 0.549306 0.171094 0.209722
0 0.777734 0.509722 0.063281 0.102778
0 0.949219 0.463194 0.100000 0.265278
0 0.083594 0.427778 0.070312 0.097222
0 0.118750 0.360417 0.043750 0.062500
0 0.187500 0.355556 0.050000 0.069444
0 0.209766 0.344444 0.032031 0.055556
0 0.179688 0.317361 0.035937 0.051389
0 0.223047 0.272222 0.030469 0.047222
0 0.336719 0.355556 0.042188 0.058333
0 0.264844 0.231944 0.025000 0.041667
0 0.279297 0.207639 0.025781 0.051389
0 0.302344 0.299306 0.032813 0.045833
0 0.322656 0.274306 0.026562 0.040278
0 0.358203 0.274306 0.046094 0.106944
