0 0.972135 0.668056 0.053646 0.447222
0 0.372135 0.546759 0.066146 0.086111
0 0.434896 0.524537 0.033333 0.045370
0 0.459115 0.509259 0.021354 0.025926
0 0.453646 0.487037 0.017708 0.037037
0 0.497656 0.473611 0.028646 0.037963
0 0.390625 0.484722 0.029167 0.036111
0 0.353125 0.481944 0.022917 0.032407
0 0.367188 0.490741 0.015625 0.024074
0 0.496354 0.536111 0.061458 0.088889
0 0.583073 0.514815 0.058854 0.111111
0 0.552083 0.523611 0.015625 0.049074
0 0.544531 0.519444 0.018229 0.037037
0 0.532813 0.506019 0.018750 0.023148
0 0.521875 0.488889 0.013542 0.020370
0 0.518750 0.479630 0.014583 0.027778
