0 0.416146 0.500000 0.028125 0.029630
0 0.228385 0.496759 0.063021 0.037963
0 0.457031 0.518056 0.011979 0.026852
0 0.540625 0.500926 0.018750 0.031481
0 0.553906 0.494444 0.017188 0.027778
0 0.549479 0.525000 0.022917 0.035185
0 0.578125 0.533796 0.048958 0.063889
0 0.597917 0.499074 0.041667 0.074074
0 0.640365 0.543981 0.080729 0.115741
0 0.664062 0.463889 0.091667 0.111111
0 0.746875 0.593056 0.187500 0.206481
0 0.850000 0.421296 0.298958 0.420370
0 0.499219 0.575463 0.115104 0.162037
0 0.155729 0.492593 0.036458 0.037037
0 0.084115 0.492130 0.054688 0.052778
