0 0.669531 0.566204 0.032813 0.080556
1 0.669010 0.547685 0.023438 0.087963
0 0.031771 0.492130 0.063542 0.237963
0 0.079948 0.585648 0.104688 0.125000
0 0.157292 0.541667 0.080208 0.085185
0 0.171615 0.555556 0.070312 0.064815
0 0.277344 0.552315 0.063021 0.093519
0 0.356510 0.534722 0.040104 0.032407
0 0.493490 0.544444 0.047396 0.094444
0 0.544271 0.549537 0.084375 0.119444
0 0.694271 0.525463 0.038542 0.065741
0 0.692187 0.494444 0.037500 0.050000
0 0.738802 0.530556 0.045312 0.061111
0 0.743750 0.510185 0.045833 0.085185
0 0.782552 0.524537 0.021354 0.062037
0 0.838281 0.530093 0.056771 0.086111
0 0.873958 0.501852 0.037500 0.059259
0 0.885938 0.525926 0.037500 0.075926
0 0.929167 0.532407 0.080208 0.109259
0 0.641667 0.545370 0.036458 0.024074
