1 0.026302 0.499074 0.007812 0.057407
1 0.038542 0.502315 0.007292 0.045370
1 0.054427 0.493519 0.011979 0.048148
1 0.847917 0.423611 0.013542 0.047222
0 0.890625 0.547685 0.217708 0.271296
0 0.915625 0.397685 0.167708 0.095370
0 0.807813 0.424537 0.068750 0.043519
0 0.673438 0.441204 0.044792 0.047222
0 0.552344 0.295370 0.124479 0.100000
0 0.525521 0.601852 0.332292 0.522222
0 0.382292 0.457870 0.019792 0.036111
0 0.301823 0.432407 0.154688 0.220370
0 0.165104 0.514815 0.146875 0.162963
0 0.078646 0.503241 0.055208 0.080556
0 0.025781 0.484722 0.051562 0.062037
