0 0.047656 0.450000 0.095312 0.133333
0 0.221354 0.569444 0.166667 0.225926
0 0.154167 0.486111 0.029167 0.061111
0 0.385937 0.481019 0.044792 0.058333
0 0.378906 0.481019 0.039062 0.058333
0 0.416146 0.531481 0.036458 0.055556
0 0.470833 0.561111 0.098958 0.131481
0 0.508333 0.522685 0.033333 0.062037
0 0.499219 0.468981 0.044271 0.052778
0 0.470313 0.468981 0.018750 0.034259
0 0.430469 0.475926 0.026562 0.050000
0 0.531510 0.482407 0.015104 0.050000
0 0.536198 0.475926 0.015104 0.044444
0 0.583073 0.495370 0.086979 0.161111
0 0.865625 0.486111 0.267708 0.629630
