0 0.087760 0.634259 0.174479 0.409259
0 0.116406 0.483796 0.033854 0.065741
0 0.195833 0.502315 0.035417 0.034259
0 0.369010 0.549074 0.064062 0.087037
0 0.408854 0.533796 0.041667 0.058333
0 0.391667 0.500926 0.027083 0.025926
0 0.483594 0.550000 0.083854 0.120370
0 0.524740 0.506019 0.022396 0.056481
0 0.531510 0.516667 0.019271 0.042593
0 0.537240 0.529630 0.024479 0.037037
0 0.559635 0.531944 0.032813 0.043519
0 0.605469 0.548611 0.048438 0.087963
0 0.663021 0.566204 0.110417 0.137963
0 0.905729 0.530093 0.187500 0.675000
