0 0.038542 0.562963 0.077083 0.135185
0 0.208594 0.560648 0.105729 0.128704
0 0.366927 0.451389 0.178646 0.391667
0 0.265885 0.537037 0.028646 0.064815
0 0.458854 0.479630 0.035417 0.205556
0 0.490625 0.525463 0.019792 0.026852
0 0.496354 0.511111 0.017708 0.044444
0 0.516927 0.521759 0.027604 0.060185
0 0.536719 0.545833 0.064062 0.084259
0 0.676823 0.485648 0.054688 0.071296
0 0.693229 0.498148 0.042708 0.044444
0 0.697917 0.506944 0.037500 0.026852
0 0.745052 0.484722 0.071354 0.073148
0 0.853385 0.513426 0.051562 0.030556
0 0.976042 0.465278 0.046875 0.123148
0 0.642969 0.500926 0.026562 0.037037
