0 0.179688 0.492130 0.072917 0.056481
0 0.222135 0.498611 0.053646 0.045370
0 0.451823 0.469907 0.015104 0.034259
0 0.519271 0.536111 0.043750 0.064815
0 0.529427 0.526852 0.026562 0.053704
0 0.568229 0.502315 0.034375 0.071296
0 0.579948 0.531944 0.026562 0.041667
0 0.604948 0.542130 0.047396 0.063889
0 0.660156 0.560648 0.085938 0.110185
0 0.590625 0.492130 0.014583 0.041667
0 0.616927 0.492593 0.025521 0.050000
0 0.635156 0.518519 0.018229 0.031481
0 0.657552 0.485648 0.027604 0.039815
0 0.724740 0.496759 0.109896 0.180556
0 0.841406 0.539352 0.044271 0.060185
