0 0.072656 0.474537 0.095312 0.086111
0 0.240625 0.500463 0.016667 0.025000
0 0.390365 0.482870 0.015104 0.023148
0 0.363542 0.517593 0.015625 0.024074
0 0.385417 0.523148 0.026042 0.042593
0 0.395313 0.529630 0.025000 0.044444
0 0.415365 0.537500 0.034896 0.060185
0 0.484375 0.561574 0.123958 0.191667
0 0.518490 0.477778 0.053646 0.064815
0 0.540625 0.538889 0.023958 0.079630
0 0.595313 0.553241 0.077083 0.095370
0 0.626823 0.536111 0.050521 0.081481
0 0.814583 0.567593 0.053125 0.138889
0 0.897135 0.629167 0.204687 0.395370
