0 0.107813 0.621296 0.215625 0.385185
0 0.267448 0.589815 0.160938 0.233333
0 0.357031 0.556944 0.073438 0.132407
0 0.494792 0.600000 0.226042 0.361111
0 0.529948 0.456481 0.158854 0.266667
0 0.612500 0.518056 0.021875 0.093519
0 0.643750 0.545833 0.037500 0.034259
0 0.669010 0.545833 0.027604 0.030556
0 0.742969 0.548148 0.035937 0.031481
0 0.922396 0.529630 0.112500 0.074074
0 0.982552 0.536574 0.033854 0.023148
1 0.853125 0.541204 0.008333 0.050926
1 0.859375 0.550926 0.015625 0.057407
0 0.801042 0.543519 0.037500 0.031481
