0 0.067969 0.415972 0.021875 0.054167
0 0.040234 0.427083 0.038281 0.095833
0 0.085938 0.445139 0.037500 0.040278
0 0.014844 0.486806 0.029687 0.040278
0 0.278906 0.514583 0.040625 0.106944
0 0.223438 0.537500 0.115625 0.186111
0 0.111328 0.605556 0.213281 0.288889
0 0.037891 0.783333 0.075781 0.411111
0 0.306641 0.463194 0.041406 0.073611
0 0.317188 0.474306 0.021875 0.070833
0 0.347266 0.472222 0.055469 0.116667
0 0.423438 0.506250 0.190625 0.090278
0 0.425391 0.770139 0.335156 0.456944
0 0.451172 0.390972 0.105469 0.151389
0 0.507812 0.498611 0.053125 0.086111
0 0.559766 0.522917 0.100781 0.129167
0 0.679297 0.572222 0.188281 0.266667
0 0.847656 0.664583 0.273438 0.334722
0 0.966406 0.793750 0.065625 0.390278
0 0.878516 0.459722 0.072656 0.080556
0 0.927734 0.462500 0.142969 0.102778
