0 0.092708 0.478241 0.185417 0.956481
0 0.216927 0.541204 0.039062 0.062037
0 0.262500 0.541667 0.063542 0.092593
0 0.326823 0.568519 0.081771 0.124074
0 0.372917 0.550926 0.042708 0.081481
0 0.374740 0.517130 0.038021 0.065741
0 0.469792 0.502778 0.046875 0.094444
0 0.519271 0.536574 0.038542 0.049074
0 0.564323 0.511574 0.068229 0.136111
0 0.748437 0.590741 0.147917 0.174074
0 0.293750 0.481944 0.019792 0.030556
0 0.223958 0.492593 0.015625 0.024074
0 0.236198 0.499074 0.014063 0.020370
0 0.144271 0.557407 0.017708 0.083333
0 0.294010 0.521759 0.014063 0.023148
