0 0.242188 0.538194 0.056250 0.081944
0 0.310547 0.525000 0.041406 0.086111
0 0.313281 0.530556 0.023438 0.083333
0 0.352734 0.553472 0.072656 0.129167
0 0.380469 0.576389 0.114062 0.152778
0 0.410938 0.455556 0.092188 0.161111
0 0.444141 0.537500 0.041406 0.080556
0 0.474219 0.542361 0.051562 0.101389
0 0.532031 0.551389 0.101562 0.152778
0 0.569141 0.581250 0.102344 0.162500
0 0.644922 0.612500 0.166406 0.211111
0 0.859766 0.656944 0.278906 0.358333
0 0.165234 0.516667 0.028906 0.050000
0 0.208594 0.482639 0.039062 0.045833
