0 0.057031 0.506481 0.079687 0.072222
0 0.320833 0.525000 0.038542 0.025926
0 0.370573 0.522222 0.039062 0.029630
0 0.447917 0.521759 0.069792 0.134259
0 0.528906 0.550926 0.030729 0.055556
0 0.515885 0.557870 0.049479 0.062037
0 0.560677 0.541204 0.016146 0.025000
0 0.618750 0.566667 0.067708 0.085185
0 0.657031 0.522222 0.042188 0.096296
0 0.693229 0.554630 0.051042 0.061111
0 0.740885 0.542130 0.033854 0.071296
0 0.815885 0.484259 0.141146 0.261111
0 0.680729 0.514352 0.016667 0.025000
0 0.627083 0.506481 0.018750 0.037037
