0 0.804688 0.524537 0.113542 0.213889
0 0.675260 0.538426 0.076563 0.108333
0 0.595052 0.561574 0.064062 0.082407
0 0.595573 0.503241 0.035937 0.034259
0 0.551562 0.524074 0.050000 0.101852
0 0.517969 0.519444 0.014063 0.068519
0 0.491927 0.500000 0.013021 0.025926
0 0.487760 0.544444 0.029687 0.044444
0 0.457813 0.537963 0.020833 0.025926
0 0.438281 0.550926 0.020313 0.044444
0 0.407552 0.552315 0.054688 0.076852
0 0.303125 0.508333 0.044792 0.051852
0 0.333073 0.512037 0.016146 0.044444
0 0.348177 0.513889 0.021354 0.040741
0 0.408333 0.501852 0.015625 0.024074
