1 0.596875 0.465741 0.006250 0.038889
1 0.695573 0.481481 0.006771 0.050000
0 0.043750 0.575926 0.087500 0.111111
0 0.237240 0.477778 0.030729 0.051852
0 0.253906 0.497685 0.019271 0.025000
0 0.279427 0.510185 0.022396 0.035185
0 0.211458 0.537963 0.061458 0.081481
0 0.242448 0.522685 0.016146 0.039815
0 0.267448 0.529167 0.035937 0.047222
0 0.288802 0.494907 0.017188 0.026852
0 0.298958 0.501852 0.019792 0.031481
0 0.308333 0.505093 0.021875 0.030556
0 0.323958 0.514352 0.033333 0.030556
0 0.320833 0.482870 0.017708 0.028704
0 0.341927 0.506019 0.024479 0.030556
0 0.354948 0.490741 0.014063 0.027778
0 0.358333 0.493981 0.013542 0.028704
0 0.371354 0.489352 0.020833 0.037963
0 0.391927 0.492130 0.035937 0.034259
0 0.427083 0.495833 0.029167 0.043519
0 0.470052 0.483333 0.047396 0.101852
0 0.501042 0.483333 0.016667 0.040741
0 0.504427 0.487037 0.022396 0.040741
0 0.508854 0.493056 0.022917 0.037963
0 0.516146 0.500000 0.021875 0.042593
0 0.538542 0.534259 0.058333 0.101852
0 0.594010 0.473148 0.049479 0.031481
0 0.612760 0.628241 0.231771 0.289815
