0 0.278385 0.455093 0.042188 0.100926
0 0.271875 0.421759 0.036458 0.080556
0 0.330729 0.571296 0.138542 0.200000
0 0.376563 0.490741 0.040625 0.061111
0 0.427344 0.524074 0.051562 0.074074
0 0.531771 0.573148 0.169792 0.274074
0 0.522917 0.404630 0.102083 0.129630
0 0.697656 0.465278 0.034896 0.052778
0 0.886458 0.426389 0.226042 0.852778
0 0.420833 0.430093 0.020833 0.036111
0 0.427344 0.420833 0.023438 0.039815
0 0.356771 0.386574 0.016667 0.021296
0 0.460938 0.437500 0.023958 0.036111
0 0.462240 0.412500 0.022396 0.028704
0 0.464583 0.385185 0.018750 0.031481
0 0.468490 0.353704 0.011979 0.016667
0 0.465365 0.479630 0.020313 0.048148
