0 0.523438 0.473148 0.023958 0.048148
0 0.544531 0.512963 0.029687 0.038889
0 0.496094 0.485185 0.019271 0.025926
0 0.443490 0.486111 0.015104 0.022222
0 0.398958 0.469907 0.018750 0.028704
0 0.369010 0.474537 0.024479 0.034259
0 0.326823 0.499074 0.030729 0.025926
0 0.289323 0.504630 0.046354 0.051852
0 0.258073 0.502315 0.027604 0.021296
0 0.397135 0.515741 0.066146 0.075926
0 0.432031 0.500926 0.020313 0.035185
0 0.340104 0.512500 0.025000 0.039815
0 0.337760 0.534722 0.022396 0.063889
0 0.377865 0.546759 0.077604 0.112037
0 0.594792 0.499074 0.081250 0.198148
0 0.807552 0.446759 0.383854 0.636111
0 0.471875 0.447222 0.017708 0.022222
0 0.450000 0.445370 0.015625 0.022222
