1 0.869010 0.534259 0.027604 0.044444
1 0.886458 0.536111 0.037500 0.053704
1 0.888281 0.538889 0.036979 0.057407
1 0.985938 0.560648 0.027083 0.060185
1 0.978646 0.548611 0.030208 0.065741
1 0.963281 0.548611 0.034896 0.067593
1 0.959375 0.550000 0.033333 0.062963
1 0.937500 0.547222 0.030208 0.057407
1 0.917188 0.544444 0.031250 0.061111
1 0.906510 0.544907 0.033854 0.052778
0 0.592969 0.516667 0.157812 0.337037
0 0.507292 0.557870 0.015625 0.058333
0 0.488542 0.543519 0.043750 0.064815
0 0.496094 0.503704 0.031771 0.040741
0 0.390365 0.551389 0.030729 0.047222
0 0.354948 0.558796 0.042188 0.054630
0 0.310156 0.542130 0.035937 0.032407
0 0.301042 0.554630 0.050000 0.033333
0 0.253906 0.583333 0.060937 0.092593
0 0.207813 0.517130 0.093750 0.063889
0 0.197917 0.592593 0.082292 0.107407
0 0.117188 0.581481 0.118750 0.168519
0 0.055208 0.612500 0.110417 0.160185
0 0.284375 0.547685 0.029167 0.025000
