0 0.150521 0.435185 0.238542 0.412963
0 0.017188 0.438426 0.034375 0.158333
0 0.361719 0.558333 0.090104 0.114815
0 0.272396 0.477315 0.031250 0.076852
0 0.358594 0.484259 0.043229 0.033333
0 0.429167 0.531481 0.046875 0.068519
0 0.461198 0.526852 0.020313 0.027778
0 0.507031 0.544907 0.077604 0.112037
0 0.548698 0.498148 0.035937 0.083333
0 0.559115 0.512963 0.019271 0.081481
0 0.587500 0.516204 0.046875 0.095370
0 0.652865 0.551852 0.086979 0.109259
0 0.770573 0.511574 0.039062 0.043519
0 0.887240 0.629167 0.224479 0.286111
