0 0.066927 0.447685 0.133854 0.145370
0 0.232292 0.489352 0.048958 0.062037
0 0.340365 0.469907 0.088021 0.097222
0 0.417708 0.498611 0.015625 0.037963
0 0.487760 0.562500 0.102604 0.152778
0 0.529167 0.481944 0.014583 0.030556
0 0.542188 0.526852 0.022917 0.037037
0 0.582031 0.507870 0.017188 0.030556
0 0.586979 0.518519 0.016667 0.027778
0 0.594271 0.524074 0.013542 0.024074
0 0.608333 0.521296 0.017708 0.042593
0 0.627865 0.533333 0.015104 0.040741
0 0.642708 0.535648 0.031250 0.049074
0 0.671875 0.540278 0.050000 0.062037
0 0.733073 0.549537 0.070312 0.084259
0 0.838021 0.549074 0.128125 0.174074
0 0.599219 0.494907 0.021354 0.028704
