0 0.564844 0.427778 0.025000 0.058333
0 0.519922 0.449306 0.063281 0.154167
0 0.435937 0.488194 0.103125 0.226389
0 0.212891 0.531250 0.139844 0.212500
0 0.098437 0.481250 0.154688 0.201389
0 0.678906 0.429167 0.021875 0.041667
0 0.017969 0.773611 0.035937 0.450000
0 0.502344 0.501389 0.029687 0.094444
0 0.603125 0.493056 0.062500 0.088889
0 0.687891 0.456944 0.038281 0.066667
0 0.630859 0.452778 0.038281 0.052778
0 0.646875 0.439583 0.020313 0.034722
0 0.713672 0.487500 0.071094 0.088889
0 0.792969 0.458333 0.050000 0.077778
0 0.854688 0.588194 0.209375 0.290278
0 0.761719 0.451389 0.031250 0.055556
0 0.737891 0.436111 0.027344 0.038889
0 0.138281 0.724306 0.251563 0.373611
0 0.328125 0.587500 0.137500 0.200000
0 0.382422 0.501389 0.024219 0.063889
0 0.967187 0.520139 0.064062 0.154167
1 0.694922 0.442361 0.017969 0.037500
