0 0.054688 0.496759 0.109375 0.263889
0 0.259896 0.478704 0.072917 0.092593
0 0.375521 0.483796 0.076042 0.100926
0 0.354948 0.453704 0.034896 0.053704
0 0.420052 0.417130 0.070312 0.150926
0 0.463802 0.406944 0.028646 0.062037
0 0.475781 0.397685 0.014063 0.041667
0 0.505990 0.437500 0.041146 0.093519
0 0.545573 0.388426 0.015104 0.030556
0 0.575000 0.451389 0.040625 0.060185
0 0.568229 0.414815 0.017708 0.025926
0 0.626302 0.423148 0.063021 0.107407
0 0.682552 0.478241 0.066146 0.086111
0 0.671615 0.465278 0.046354 0.067593
0 0.871615 0.496296 0.144271 0.179630
