0 0.250391 0.472917 0.124219 0.198611
0 0.148828 0.483333 0.046094 0.055556
0 0.207422 0.534028 0.080469 0.106944
0 0.079297 0.495833 0.064844 0.058333
0 0.032031 0.512500 0.064062 0.063889
0 0.410547 0.763194 0.446094 0.470833
0 0.355469 0.626389 0.276562 0.291667
0 0.479687 0.496528 0.050000 0.073611
0 0.510938 0.491667 0.031250 0.052778
0 0.555078 0.478472 0.033594 0.045833
0 0.604297 0.541667 0.102344 0.111111
0 0.639844 0.487500 0.035937 0.061111
0 0.752734 0.456944 0.033594 0.055556
0 0.901953 0.793750 0.194531 0.409722
0 0.937891 0.468056 0.097656 0.141667
0 0.715234 0.495833 0.044531 0.063889
