0 0.093490 0.331019 0.186979 0.213889
0 0.278646 0.350926 0.097917 0.068519
0 0.340365 0.353704 0.025521 0.037037
0 0.373698 0.345833 0.057813 0.052778
0 0.411458 0.354167 0.018750 0.025000
0 0.441406 0.349074 0.033854 0.029630
0 0.472396 0.347222 0.028125 0.031481
1 0.534896 0.344444 0.017708 0.077778
0 0.591927 0.356481 0.020313 0.033333
0 0.633073 0.362963 0.069271 0.040741
0 0.841406 0.406481 0.072396 0.057407
0 0.937240 0.435185 0.080729 0.079630
0 0.988542 0.451852 0.021875 0.044444
1 0.411198 0.345370 0.009896 0.038889
1 0.529427 0.359259 0.008854 0.055556
