0 0.117708 0.464815 0.031250 0.040741
0 0.180990 0.510185 0.108854 0.153704
0 0.330990 0.521759 0.092188 0.121296
0 0.407813 0.451852 0.077083 0.162963
0 0.453125 0.471759 0.023958 0.058333
0 0.486198 0.481944 0.026562 0.058333
0 0.514844 0.470370 0.042188 0.090741
0 0.545312 0.463889 0.017708 0.038889
0 0.555208 0.460648 0.012500 0.034259
0 0.575521 0.466204 0.019792 0.041667
0 0.618490 0.480093 0.021354 0.026852
0 0.642708 0.472685 0.026042 0.052778
0 0.695312 0.513426 0.118750 0.167593
0 0.804427 0.485648 0.068229 0.084259
0 0.954948 0.497685 0.089063 0.147222
