0 0.159375 0.495833 0.053125 0.063889
0 0.217448 0.497685 0.050521 0.063889
0 0.115365 0.572222 0.127604 0.166667
0 0.303125 0.543519 0.023958 0.087037
0 0.372656 0.494444 0.119271 0.240741
0 0.498958 0.555556 0.070833 0.105556
0 0.519531 0.511574 0.041146 0.087963
0 0.652344 0.500463 0.073438 0.152778
0 0.802604 0.525000 0.111458 0.194444
0 0.953125 0.564815 0.092708 0.277778
0 0.545052 0.529630 0.014063 0.042593
0 0.466927 0.540741 0.020313 0.053704
0 0.457552 0.519907 0.021354 0.050926
0 0.435677 0.539815 0.016146 0.038889
