0 0.360938 0.520833 0.031250 0.026852
0 0.364583 0.502315 0.022917 0.028704
0 0.448177 0.517130 0.054688 0.089815
0 0.452083 0.555556 0.050000 0.062963
0 0.478385 0.548148 0.027604 0.051852
0 0.486979 0.492593 0.023958 0.029630
0 0.520573 0.564815 0.070312 0.088889
0 0.554948 0.543981 0.027604 0.041667
0 0.574479 0.509259 0.015625 0.022222
0 0.593229 0.462500 0.019792 0.032407
0 0.618229 0.488889 0.030208 0.048148
0 0.608594 0.528704 0.030729 0.046296
0 0.618750 0.553704 0.056250 0.085185
0 0.642448 0.488426 0.020313 0.037963
0 0.664844 0.489352 0.015104 0.023148
0 0.665104 0.503241 0.014583 0.023148
0 0.658073 0.514815 0.018229 0.031481
0 0.658854 0.543981 0.013542 0.037963
0 0.688802 0.530556 0.016146 0.031481
0 0.677344 0.549074 0.040104 0.055556
0 0.926562 0.627315 0.145833 0.541667
