0 0.053125 0.396296 0.031250 0.038889
0 0.087240 0.388426 0.028646 0.030556
0 0.112240 0.379630 0.028646 0.027778
0 0.191927 0.362500 0.064062 0.050926
0 0.572917 0.348148 0.023958 0.044444
1 0.574219 0.334722 0.017188 0.056481
0 0.652865 0.354167 0.048438 0.052778
0 0.681771 0.363889 0.019792 0.029630
0 0.705990 0.364352 0.023438 0.023148
0 0.751042 0.357407 0.056250 0.077778
0 0.837760 0.390741 0.025521 0.024074
0 0.890104 0.408796 0.040625 0.034259
0 0.915885 0.419907 0.044271 0.036111
0 0.950260 0.430556 0.055729 0.050000
0 0.990625 0.447222 0.017708 0.025926
