0 0.027865 0.659259 0.055729 0.253704
0 0.039323 0.562500 0.078646 0.137963
0 0.099219 0.505556 0.038021 0.062963
0 0.088802 0.558333 0.052604 0.148148
0 0.464583 0.468056 0.042708 0.030556
0 0.287760 0.691667 0.451562 0.609259
0 0.493750 0.585185 0.083333 0.203704
0 0.556510 0.533796 0.095312 0.182407
0 0.578385 0.508333 0.064062 0.148148
0 0.607812 0.487500 0.042708 0.121296
0 0.686719 0.476852 0.028646 0.037037
0 0.654167 0.518056 0.014583 0.039815
0 0.663542 0.525463 0.023958 0.054630
0 0.692187 0.536574 0.061458 0.080556
0 0.738802 0.556481 0.046354 0.135185
0 0.820573 0.570833 0.169271 0.225000
0 0.941146 0.632407 0.115625 0.346296
