0 0.275391 0.514583 0.038281 0.109722
0 0.217578 0.540972 0.124219 0.187500
0 0.094141 0.622222 0.188281 0.305556
0 0.023438 0.783333 0.046875 0.305556
0 0.306250 0.463889 0.040625 0.072222
0 0.317188 0.476389 0.028125 0.069444
0 0.351953 0.475000 0.052344 0.116667
0 0.360938 0.499306 0.035937 0.098611
0 0.430078 0.519444 0.197656 0.100000
0 0.415625 0.777778 0.350000 0.441667
0 0.446484 0.395139 0.100781 0.148611
0 0.496875 0.490278 0.054688 0.069444
0 0.551172 0.523611 0.097656 0.125000
0 0.591016 0.479167 0.046094 0.050000
0 0.662500 0.574306 0.170313 0.251389
0 0.781250 0.642361 0.235937 0.293056
0 0.811328 0.454167 0.108594 0.080556
0 0.901953 0.463194 0.096094 0.095833
0 0.921484 0.472917 0.057031 0.101389
0 0.597656 0.541667 0.029687 0.155556
