0 0.361458 0.503241 0.036458 0.045370
0 0.253646 0.484259 0.081250 0.079630
0 0.134896 0.482407 0.088542 0.083333
0 0.088542 0.681481 0.177083 0.425926
0 0.340104 0.559259 0.085417 0.118519
0 0.405469 0.512963 0.043229 0.083333
0 0.418490 0.542130 0.021354 0.056481
0 0.471875 0.569444 0.116667 0.175926
0 0.506771 0.503241 0.032292 0.054630
0 0.602865 0.557407 0.070312 0.092593
0 0.553906 0.514815 0.020313 0.048148
0 0.650000 0.542593 0.039583 0.059259
0 0.571354 0.532870 0.017708 0.032407
0 0.693750 0.550463 0.055208 0.076852
0 0.740365 0.552778 0.063021 0.100000
0 0.787500 0.564352 0.100000 0.115741
0 0.935156 0.588889 0.128646 0.172222
