0 0.198047 0.430556 0.022656 0.047222
0 0.148047 0.454861 0.046094 0.054167
0 0.189844 0.480556 0.042188 0.061111
0 0.035156 0.482639 0.070312 0.062500
0 0.162109 0.547222 0.105469 0.119444
0 0.018750 0.570139 0.037500 0.093056
0 0.289062 0.450000 0.210938 0.280556
0 0.475781 0.413194 0.051562 0.076389
0 0.524219 0.414583 0.051562 0.073611
0 0.498828 0.428472 0.041406 0.045833
0 0.637500 0.449306 0.043750 0.098611
0 0.661328 0.477778 0.057031 0.052778
0 0.679297 0.525694 0.089844 0.123611
0 0.702344 0.456250 0.034375 0.043056
0 0.730078 0.479167 0.057031 0.063889
0 0.854297 0.526389 0.113281 0.161111
0 0.787891 0.629167 0.207031 0.261111
1 0.983203 0.452083 0.010156 0.059722
1 0.976562 0.454167 0.009375 0.058333
1 0.964844 0.456944 0.012500 0.063889
0 0.417578 0.788889 0.833594 0.419444
0 0.467969 0.634028 0.493750 0.370833
