0 0.150521 0.688426 0.301042 0.621296
0 0.241406 0.502778 0.055729 0.101852
0 0.330469 0.604630 0.163021 0.225926
0 0.384115 0.516667 0.020313 0.042593
0 0.446354 0.551852 0.103125 0.194444
0 0.484896 0.522222 0.068750 0.151852
0 0.521094 0.518519 0.016146 0.090741
0 0.527604 0.501389 0.030208 0.110185
0 0.587240 0.489352 0.031771 0.043519
0 0.608333 0.491204 0.014583 0.030556
0 0.575260 0.541667 0.018229 0.061111
0 0.569010 0.537963 0.014063 0.055556
0 0.584635 0.546759 0.025521 0.073148
0 0.613802 0.551389 0.060937 0.087963
0 0.705729 0.580556 0.156250 0.214815
0 0.834375 0.627778 0.170833 0.303704
0 0.941927 0.471759 0.115104 0.943519
