0 0.510938 0.477778 0.025000 0.044444
0 0.488802 0.487963 0.019271 0.027778
0 0.389844 0.476852 0.017188 0.027778
0 0.361719 0.484259 0.023438 0.035185
0 0.393750 0.515741 0.066667 0.057407
0 0.386198 0.546759 0.064062 0.093519
0 0.351562 0.519907 0.030208 0.037963
0 0.315365 0.508796 0.053646 0.050926
0 0.533333 0.518981 0.027083 0.037963
0 0.108854 0.553704 0.058333 0.055556
0 0.575521 0.499537 0.070833 0.202778
0 0.796094 0.444907 0.406771 0.652778
0 0.432031 0.491667 0.014063 0.020370
0 0.458594 0.451852 0.017188 0.020370
0 0.422135 0.507870 0.020313 0.030556
0 0.354687 0.539352 0.015625 0.054630
