0 0.136719 0.476389 0.057813 0.039815
0 0.229948 0.476852 0.033854 0.040741
0 0.276302 0.470833 0.019271 0.025000
0 0.354687 0.444907 0.030208 0.039815
0 0.357292 0.474537 0.022917 0.032407
0 0.377604 0.483333 0.026042 0.035185
0 0.404687 0.498611 0.033333 0.049074
0 0.403906 0.474074 0.023438 0.027778
0 0.428646 0.475463 0.019792 0.023148
0 0.417187 0.517130 0.014583 0.067593
0 0.451302 0.526389 0.080729 0.121296
0 0.503385 0.479630 0.024479 0.031481
0 0.528385 0.482407 0.031771 0.040741
0 0.556771 0.525463 0.063542 0.084259
0 0.588802 0.491667 0.032813 0.040741
0 0.622917 0.544444 0.097917 0.120370
0 0.670833 0.511574 0.044792 0.069444
0 0.861979 0.546296 0.086458 0.094444
