0 0.282813 0.434722 0.059375 0.047222
0 0.219922 0.429167 0.052344 0.041667
0 0.269141 0.484722 0.055469 0.075000
0 0.212891 0.460417 0.080469 0.065278
0 0.150781 0.452778 0.039062 0.047222
0 0.269531 0.508333 0.054688 0.100000
0 0.040234 0.477083 0.074219 0.051389
0 0.021875 0.537500 0.043750 0.086111
0 0.123438 0.526389 0.207813 0.108333
0 0.390625 0.770139 0.781250 0.456944
0 0.478906 0.650000 0.439063 0.413889
0 0.528125 0.420139 0.051562 0.056944
0 0.669922 0.526389 0.091406 0.155556
0 0.727734 0.483333 0.050781 0.075000
0 0.635547 0.412500 0.033594 0.036111
0 0.788672 0.429167 0.022656 0.041667
1 0.984766 0.450000 0.010156 0.061111
1 0.979297 0.451389 0.008594 0.055556
1 0.971875 0.456250 0.010937 0.065278
0 0.247656 0.456944 0.042188 0.058333
