0 0.889062 0.481019 0.026042 0.043519
0 0.856510 0.510648 0.029687 0.039815
0 0.828646 0.533796 0.048958 0.063889
0 0.893750 0.544444 0.075000 0.085185
0 0.728906 0.528704 0.071354 0.107407
0 0.105990 0.501389 0.103646 0.037963
0 0.314063 0.500926 0.065625 0.027778
0 0.347396 0.494444 0.020833 0.037037
0 0.400781 0.473611 0.021354 0.050926
0 0.415625 0.481944 0.020833 0.043519
0 0.431250 0.497685 0.020833 0.021296
0 0.534635 0.490741 0.018229 0.025926
0 0.507292 0.544907 0.076042 0.112037
0 0.611979 0.539815 0.063542 0.081481
