0 0.201563 0.473611 0.034375 0.063889
0 0.225391 0.481250 0.044531 0.051389
0 0.253516 0.476389 0.038281 0.052778
0 0.276172 0.470833 0.036719 0.047222
0 0.428906 0.463194 0.035937 0.054167
0 0.409375 0.489583 0.056250 0.098611
0 0.375000 0.520833 0.096875 0.147222
0 0.251563 0.619444 0.181250 0.236111
0 0.092188 0.756944 0.184375 0.480556
0 0.501953 0.396528 0.050781 0.056944
0 0.571875 0.477778 0.025000 0.066667
0 0.507812 0.531944 0.150000 0.225000
0 0.472266 0.756250 0.261719 0.412500
0 0.600000 0.463194 0.020313 0.056944
0 0.633203 0.482639 0.067969 0.120833
0 0.775000 0.595139 0.215625 0.331944
0 0.909766 0.751389 0.178906 0.400000
0 0.968359 0.464583 0.061719 0.170833
