0 0.534375 0.398148 0.014583 0.033333
0 0.059375 0.518519 0.118750 0.264815
0 0.259375 0.500463 0.072917 0.091667
0 0.346615 0.475926 0.033854 0.055556
0 0.379167 0.500926 0.070833 0.096296
0 0.416667 0.439352 0.066667 0.145370
0 0.456250 0.425926 0.025000 0.061111
0 0.465365 0.412500 0.016146 0.041667
0 0.494531 0.457407 0.040104 0.088889
0 0.560156 0.467130 0.036979 0.054630
0 0.600781 0.438426 0.052604 0.091667
0 0.619271 0.485648 0.052083 0.069444
0 0.643490 0.476389 0.034896 0.058333
0 0.550260 0.428241 0.015104 0.025000
0 0.781771 0.499537 0.104167 0.136111
