0 0.515365 0.472222 0.023438 0.048148
0 0.485156 0.484259 0.018229 0.025926
0 0.534115 0.509259 0.029687 0.038889
0 0.593229 0.499537 0.091667 0.191667
0 0.809115 0.458333 0.380729 0.633333
0 0.422396 0.500463 0.022917 0.036111
0 0.404687 0.515278 0.018750 0.041667
0 0.365885 0.540278 0.081771 0.132407
0 0.331510 0.560185 0.104688 0.146296
0 0.383854 0.473611 0.020833 0.030556
0 0.240625 0.512500 0.036458 0.058333
0 0.193750 0.507407 0.023958 0.022222
0 0.128385 0.507407 0.025521 0.029630
0 0.407813 0.482870 0.013542 0.021296
0 0.432552 0.487963 0.014063 0.022222
0 0.463281 0.450000 0.019271 0.025926
0 0.439844 0.447222 0.017188 0.022222
