0 0.827865 0.432870 0.093229 0.110185
0 0.083333 0.582407 0.166667 0.220370
0 0.178125 0.562037 0.091667 0.168519
0 0.173177 0.457407 0.078646 0.051852
0 0.230208 0.548148 0.072917 0.133333
0 0.248438 0.514815 0.087500 0.155556
0 0.338021 0.494444 0.029167 0.035185
0 0.405729 0.515278 0.067708 0.147222
0 0.444271 0.509259 0.030208 0.079630
0 0.439844 0.484722 0.044271 0.100926
0 0.477604 0.500000 0.034375 0.048148
0 0.472396 0.480556 0.021875 0.025926
0 0.483073 0.470370 0.020313 0.037037
0 0.489323 0.457407 0.014063 0.029630
0 0.522396 0.435648 0.059375 0.084259
0 0.535417 0.531944 0.110417 0.173148
0 0.606250 0.470370 0.083333 0.159259
0 0.653646 0.489815 0.014583 0.057407
0 0.678125 0.484259 0.027083 0.083333
0 0.704427 0.384259 0.047396 0.198148
0 0.738802 0.493519 0.045312 0.055556
