0 0.054948 0.550463 0.109896 0.513889
0 0.108594 0.509722 0.084896 0.184259
0 0.147917 0.502778 0.031250 0.087037
0 0.146094 0.443981 0.053646 0.039815
0 0.265104 0.477315 0.017708 0.043519
0 0.309635 0.517593 0.113021 0.144444
0 0.361198 0.472222 0.023438 0.042593
0 0.375000 0.480556 0.020833 0.046296
0 0.408333 0.484259 0.058333 0.085185
0 0.456250 0.474537 0.025000 0.036111
0 0.441406 0.470833 0.015104 0.026852
0 0.499740 0.487037 0.075521 0.114815
0 0.534635 0.472222 0.013021 0.044444
0 0.553385 0.471296 0.025521 0.038889
