0 0.077344 0.612500 0.154688 0.233333
0 0.169141 0.544444 0.091406 0.133333
0 0.210156 0.526389 0.020313 0.075000
0 0.252344 0.523611 0.032813 0.066667
0 0.310937 0.464583 0.103125 0.206944
0 0.323828 0.538194 0.085156 0.123611
0 0.366016 0.543056 0.150781 0.080556
0 0.037109 0.468750 0.025781 0.031944
0 0.078516 0.445833 0.025781 0.038889
0 0.116406 0.452083 0.023438 0.037500
0 0.120703 0.478472 0.027344 0.040278
0 0.130469 0.490972 0.028125 0.040278
0 0.155078 0.452778 0.025781 0.033333
1 0.828516 0.547222 0.044531 0.144444
0 0.817969 0.475000 0.026562 0.100000
0 0.887891 0.495139 0.100781 0.162500
0 0.406250 0.762500 0.320312 0.438889
0 0.078516 0.208333 0.055469 0.038889
