0 0.097396 0.474537 0.082292 0.075000
0 0.186719 0.457870 0.118229 0.108333
0 0.318490 0.491667 0.029687 0.037037
0 0.271094 0.499074 0.025521 0.024074
0 0.257031 0.493519 0.024479 0.035185
0 0.356771 0.484722 0.042708 0.049074
0 0.389844 0.490278 0.020313 0.023148
0 0.388542 0.542593 0.064583 0.087037
0 0.425521 0.493981 0.021875 0.025000
0 0.440365 0.527315 0.041146 0.052778
0 0.505990 0.548148 0.086979 0.129630
0 0.542448 0.490741 0.025521 0.048148
0 0.554688 0.507870 0.022917 0.049074
0 0.563281 0.523611 0.027604 0.041667
0 0.586198 0.528704 0.040104 0.051852
0 0.673958 0.559722 0.094792 0.121296
0 0.830990 0.602315 0.214062 0.250926
