0 0.256250 0.499537 0.034375 0.021296
0 0.047917 0.482407 0.053125 0.055556
0 0.122656 0.484259 0.106771 0.050000
0 0.378385 0.487500 0.048438 0.043519
0 0.500260 0.561111 0.106771 0.148148
0 0.541667 0.490278 0.018750 0.028704
0 0.547917 0.515741 0.022917 0.033333
0 0.576823 0.526389 0.047396 0.063889
0 0.601823 0.489352 0.044271 0.076852
0 0.668490 0.469444 0.094271 0.142593
0 0.719010 0.511111 0.020313 0.044444
0 0.652344 0.539352 0.094271 0.125000
0 0.803646 0.601852 0.238542 0.250000
0 0.860938 0.393519 0.277083 0.512963
0 0.556250 0.486574 0.017708 0.028704
