0 0.091667 0.649537 0.183333 0.337963
0 0.317448 0.529167 0.050521 0.082407
0 0.375781 0.535648 0.072396 0.104630
0 0.424740 0.531481 0.039062 0.064815
0 0.451042 0.522222 0.029167 0.040741
0 0.464323 0.498611 0.027604 0.069444
0 0.495052 0.524537 0.055729 0.100926
0 0.523177 0.489352 0.015104 0.043519
0 0.537760 0.508796 0.015104 0.041667
0 0.553646 0.515741 0.031250 0.051852
0 0.603125 0.514815 0.030208 0.053704
0 0.665885 0.556944 0.105729 0.134259
0 0.957292 0.422685 0.084375 0.521296
0 0.432552 0.480556 0.014063 0.027778
