0 0.013281 0.751389 0.026562 0.230556
0 0.211979 0.489815 0.066667 0.040741
0 0.484375 0.631481 0.229167 0.318519
0 0.602865 0.538889 0.067187 0.083333
0 0.537500 0.468981 0.020833 0.023148
0 0.565625 0.498148 0.042708 0.081481
0 0.597656 0.477315 0.016146 0.026852
0 0.641406 0.530093 0.036979 0.058333
0 0.665625 0.505556 0.022917 0.024074
0 0.672917 0.522222 0.031250 0.038889
0 0.689844 0.482870 0.019271 0.043519
0 0.713542 0.500463 0.058333 0.063889
0 0.711198 0.541204 0.053646 0.082407
0 0.972917 0.522222 0.053125 0.122222
0 0.837240 0.594907 0.270313 0.304630
