1 0.910937 0.465972 0.017188 0.090278
0 0.034766 0.415972 0.069531 0.173611
0 0.018359 0.492361 0.036719 0.087500
0 0.151953 0.420833 0.033594 0.058333
0 0.108594 0.415278 0.056250 0.069444
0 0.232422 0.415972 0.050781 0.070833
0 0.248438 0.513194 0.071875 0.131944
0 0.222656 0.549306 0.076563 0.143056
0 0.126953 0.589583 0.186719 0.279167
0 0.066016 0.729167 0.132031 0.397222
0 0.520703 0.393750 0.153906 0.268056
0 0.301172 0.477083 0.025781 0.062500
0 0.310937 0.479861 0.018750 0.065278
0 0.324609 0.477083 0.027344 0.065278
0 0.343750 0.470139 0.039062 0.062500
0 0.361719 0.473611 0.039062 0.052778
0 0.399219 0.472917 0.081250 0.048611
0 0.432422 0.743056 0.405469 0.508333
0 0.621875 0.563194 0.118750 0.170833
0 0.835156 0.681250 0.295312 0.356944
0 0.634766 0.471528 0.071094 0.084722
0 0.721875 0.517361 0.100000 0.137500
0 0.880469 0.495139 0.107813 0.081944
0 0.968359 0.612500 0.061719 0.227778
0 0.091406 0.438194 0.060937 0.040278
