0 0.050391 0.429861 0.028906 0.059722
0 0.071875 0.453472 0.040625 0.034722
0 0.268750 0.475694 0.040625 0.068056
0 0.239844 0.479861 0.071875 0.065278
0 0.206641 0.531250 0.096094 0.118056
0 0.066406 0.642361 0.132812 0.248611
0 0.305469 0.440278 0.025000 0.069444
0 0.356641 0.461111 0.071094 0.094444
0 0.392578 0.479861 0.096094 0.054167
0 0.334375 0.608333 0.421875 0.197222
0 0.351562 0.842361 0.703125 0.312500
0 0.441016 0.399306 0.092969 0.131944
0 0.456250 0.480556 0.035937 0.038889
0 0.480469 0.485417 0.037500 0.051389
0 0.517188 0.514583 0.081250 0.115278
0 0.605859 0.550694 0.141406 0.209722
0 0.648438 0.600000 0.114062 0.230556
0 0.792969 0.640972 0.260937 0.395833
0 0.909375 0.746528 0.179688 0.504167
0 0.439844 0.548611 0.154688 0.105556
0 0.491797 0.594444 0.063281 0.155556
