0 0.015104 0.456944 0.030208 0.106481
0 0.102344 0.447222 0.142187 0.120370
0 0.082292 0.490278 0.061458 0.036111
0 0.333333 0.562500 0.122917 0.150926
0 0.412500 0.528241 0.066667 0.093519
0 0.503385 0.552315 0.098437 0.130556
0 0.344531 0.475000 0.028646 0.024074
0 0.507812 0.468056 0.036458 0.036111
0 0.579167 0.494907 0.053125 0.099074
0 0.617969 0.478241 0.046354 0.052778
0 0.608333 0.532870 0.060417 0.075000
0 0.710417 0.568056 0.170833 0.230556
0 0.540625 0.503241 0.017708 0.030556
0 0.447135 0.517130 0.024479 0.060185
0 0.461719 0.512963 0.018229 0.033333
0 0.298698 0.489815 0.033854 0.031481
