0 0.101823 0.615741 0.203646 0.292593
0 0.394271 0.640741 0.398958 0.559259
0 0.623437 0.476389 0.023958 0.052778
0 0.608073 0.510648 0.030729 0.073148
0 0.579427 0.568519 0.079687 0.235185
0 0.653906 0.486574 0.038021 0.108333
0 0.661198 0.507870 0.023438 0.076852
0 0.666927 0.519907 0.016146 0.069444
0 0.700521 0.475000 0.065625 0.151852
0 0.704948 0.538889 0.054688 0.092593
0 0.855990 0.459722 0.286979 0.665741
0 0.618490 0.495370 0.023438 0.061111
0 0.598437 0.464815 0.019792 0.025926
0 0.632812 0.472685 0.015625 0.054630
