1 0.592187 0.476852 0.010417 0.042593
1 0.704688 0.492130 0.014583 0.052778
0 0.085417 0.560648 0.070833 0.087963
0 0.071875 0.518981 0.025000 0.023148
0 0.159635 0.553241 0.053646 0.063889
0 0.190104 0.539352 0.026042 0.037963
0 0.234896 0.542130 0.046875 0.056481
0 0.200260 0.489352 0.032813 0.058333
0 0.213281 0.511111 0.015104 0.025926
0 0.227604 0.519444 0.026042 0.031481
0 0.252083 0.506019 0.018750 0.030556
0 0.261458 0.512500 0.019792 0.030556
0 0.264062 0.519907 0.016667 0.034259
0 0.280729 0.522222 0.034375 0.037037
0 0.287240 0.490741 0.019271 0.024074
0 0.292708 0.508333 0.017708 0.027778
0 0.306250 0.513426 0.023958 0.030556
0 0.320833 0.504167 0.014583 0.030556
0 0.336979 0.500463 0.027083 0.041667
0 0.368750 0.501852 0.031250 0.038889
0 0.391927 0.506944 0.031771 0.047222
0 0.437760 0.491204 0.049479 0.106481
0 0.471354 0.493981 0.019792 0.045370
0 0.476562 0.497685 0.022917 0.045370
0 0.482031 0.504167 0.023438 0.041667
0 0.487240 0.509259 0.022396 0.046296
0 0.542969 0.627778 0.196354 0.255556
0 0.592448 0.478241 0.020313 0.032407
