0 0.111198 0.607407 0.222396 0.381481
0 0.173958 0.482407 0.088542 0.131481
0 0.215625 0.452778 0.031250 0.055556
0 0.243750 0.478241 0.045833 0.076852
0 0.303125 0.491667 0.098958 0.140741
0 0.354687 0.477315 0.045833 0.102778
0 0.368229 0.457407 0.016667 0.062963
0 0.392708 0.450926 0.018750 0.044444
0 0.417708 0.438889 0.037500 0.112963
0 0.477604 0.491204 0.135417 0.232407
0 0.548438 0.459722 0.013542 0.041667
0 0.572656 0.456019 0.021354 0.041667
0 0.592969 0.470370 0.048438 0.064815
0 0.253646 0.411111 0.032292 0.057407
0 0.295052 0.405093 0.024479 0.030556
0 0.189583 0.400000 0.044792 0.051852
0 0.114583 0.400463 0.021875 0.043519
0 0.072135 0.396296 0.036979 0.040741
0 0.150781 0.406481 0.016146 0.022222
0 0.273698 0.425000 0.011979 0.020370
