0 0.142187 0.483333 0.036458 0.048148
0 0.196354 0.594444 0.179167 0.216667
0 0.313281 0.531944 0.048438 0.071296
0 0.360938 0.521759 0.032292 0.054630
0 0.409375 0.494444 0.063542 0.135185
0 0.446094 0.506019 0.017188 0.050926
0 0.452604 0.519907 0.013542 0.034259
0 0.486458 0.549074 0.081250 0.120370
0 0.506771 0.490278 0.038542 0.069444
0 0.559896 0.520370 0.032292 0.051852
0 0.620313 0.536111 0.090625 0.146296
0 0.698958 0.482407 0.090625 0.198148
0 0.835938 0.519444 0.132292 0.224074
0 0.968229 0.751852 0.062500 0.364815
