0 0.127604 0.476852 0.079167 0.051852
0 0.243750 0.489352 0.047917 0.028704
0 0.278125 0.575000 0.139583 0.172222
0 0.385156 0.505556 0.061979 0.111111
0 0.440365 0.539815 0.049479 0.066667
0 0.451302 0.509722 0.025521 0.039815
0 0.473177 0.502315 0.015104 0.028704
0 0.471875 0.532407 0.021875 0.031481
0 0.508854 0.536574 0.061458 0.087963
0 0.581771 0.502778 0.058333 0.133333
0 0.645312 0.536111 0.081250 0.135185
0 0.848437 0.550463 0.245833 0.384259
0 0.550781 0.534722 0.018229 0.037963
0 0.547135 0.525000 0.017188 0.044444
0 0.535156 0.501852 0.016146 0.022222
