0 0.297266 0.426389 0.058594 0.108333
0 0.362500 0.469444 0.031250 0.038889
0 0.354297 0.543056 0.050781 0.113889
0 0.230469 0.519444 0.065625 0.088889
0 0.139063 0.510417 0.062500 0.051389
0 0.162891 0.511806 0.082031 0.034722
0 0.062109 0.521528 0.083594 0.043056
0 0.293359 0.572222 0.113281 0.172222
0 0.180859 0.642361 0.163281 0.229167
0 0.078125 0.726389 0.156250 0.425000
0 0.461719 0.395833 0.207813 0.475000
0 0.478516 0.611111 0.249219 0.127778
0 0.428906 0.827083 0.564063 0.343056
0 0.567187 0.477083 0.023438 0.054167
0 0.710547 0.477083 0.122656 0.084722
0 0.794141 0.465278 0.057031 0.055556
