0 0.038021 0.669444 0.076042 0.296296
0 0.193229 0.613426 0.173958 0.200926
0 0.303125 0.575926 0.100000 0.133333
0 0.264844 0.518056 0.031771 0.025000
0 0.380208 0.554630 0.056250 0.090741
0 0.463281 0.610185 0.155729 0.212963
0 0.553646 0.518056 0.012500 0.078704
0 0.553125 0.549074 0.012500 0.050000
0 0.601823 0.487037 0.099479 0.224074
0 0.625260 0.515278 0.107813 0.217593
0 0.639583 0.574074 0.070833 0.166667
0 0.756510 0.530556 0.201563 0.375926
0 0.755729 0.448148 0.084375 0.207407
0 0.969531 0.765741 0.059896 0.353704
