0 0.056510 0.667593 0.113021 0.455556
0 0.084115 0.439352 0.036979 0.065741
0 0.037240 0.461574 0.028646 0.021296
0 0.130208 0.517593 0.023958 0.125926
0 0.217188 0.533333 0.182292 0.242593
0 0.233594 0.405093 0.053646 0.019444
0 0.340104 0.498611 0.081250 0.130556
0 0.294010 0.484259 0.017188 0.057407
0 0.380990 0.462037 0.018229 0.024074
0 0.386719 0.472685 0.014063 0.030556
0 0.334375 0.418056 0.031250 0.032407
0 0.413542 0.462037 0.041667 0.085185
0 0.473698 0.511574 0.107813 0.165741
0 0.531771 0.493056 0.031250 0.067593
0 0.595313 0.503704 0.072917 0.105556
0 0.833854 0.579630 0.225000 0.266667
