0 0.118490 0.502778 0.099479 0.046296
0 0.281510 0.498611 0.053646 0.037963
0 0.303906 0.504167 0.056771 0.026852
0 0.429688 0.495370 0.034375 0.024074
0 0.527344 0.564352 0.149479 0.228704
0 0.596875 0.515741 0.029167 0.057407
0 0.602344 0.506481 0.029687 0.046296
0 0.620313 0.499537 0.028125 0.045370
0 0.635938 0.499537 0.015625 0.036111
0 0.644792 0.495370 0.016667 0.029630
0 0.653125 0.515741 0.019792 0.068519
0 0.659896 0.527315 0.026042 0.095370
0 0.705469 0.541204 0.104688 0.150926
0 0.836458 0.573148 0.175000 0.231481
0 0.961198 0.427315 0.076563 0.478704
