0 0.417969 0.315278 0.020313 0.050000
0 0.265625 0.372222 0.020313 0.038889
0 0.322656 0.389583 0.059375 0.037500
0 0.224219 0.420833 0.045312 0.047222
0 0.165234 0.425694 0.061719 0.090278
0 0.102734 0.437500 0.025781 0.047222
0 0.168750 0.460417 0.050000 0.040278
0 0.198828 0.465972 0.025781 0.034722
0 0.213672 0.462500 0.030469 0.044444
0 0.101953 0.490278 0.044531 0.058333
0 0.051953 0.449306 0.035156 0.034722
0 0.065234 0.510417 0.052344 0.093056
0 0.032422 0.494444 0.064844 0.255556
0 0.236328 0.494444 0.033594 0.113889
0 0.155859 0.575000 0.155469 0.191667
0 0.323828 0.589583 0.188281 0.370833
0 0.407422 0.511806 0.022656 0.104167
0 0.395703 0.428472 0.025781 0.043056
0 0.442578 0.467361 0.046094 0.093056
0 0.490234 0.490972 0.083594 0.131944
0 0.551562 0.454167 0.051562 0.038889
0 0.545312 0.562500 0.134375 0.175000
0 0.226562 0.775694 0.350000 0.445833
0 0.686328 0.444444 0.096094 0.083333
0 0.674219 0.422917 0.104688 0.087500
0 0.733594 0.381250 0.062500 0.048611
