1 0.276562 0.354167 0.014583 0.084259
1 0.273958 0.369907 0.013542 0.056481
0 0.017188 0.379630 0.034375 0.075926
0 0.062240 0.386111 0.035937 0.035185
0 0.108854 0.377315 0.033333 0.036111
0 0.111458 0.359722 0.040625 0.049074
0 0.144792 0.366667 0.026042 0.031481
0 0.169271 0.365278 0.026042 0.026852
0 0.419271 0.378241 0.161458 0.128704
0 0.588281 0.393981 0.269271 0.162037
0 0.821354 0.451389 0.176042 0.195370
0 0.916667 0.429167 0.022917 0.034259
0 0.948958 0.473611 0.082292 0.117593
0 0.084375 0.380556 0.014583 0.027778
1 0.266927 0.360185 0.008854 0.055556
