0 0.233594 0.419444 0.028125 0.047222
0 0.287500 0.400694 0.025000 0.037500
0 0.251172 0.465972 0.027344 0.045833
0 0.162109 0.494444 0.036719 0.066667
0 0.142578 0.431944 0.066406 0.058333
0 0.087500 0.619444 0.175000 0.433333
0 0.218359 0.503472 0.080469 0.118056
0 0.377344 0.395139 0.023438 0.043056
0 0.371875 0.425694 0.025000 0.037500
0 0.330859 0.442361 0.061719 0.120833
0 0.294922 0.527778 0.089844 0.122222
0 0.411719 0.413194 0.026562 0.034722
0 0.446094 0.419444 0.028125 0.038889
0 0.443359 0.297917 0.021094 0.048611
0 0.430078 0.473611 0.075781 0.086111
0 0.441406 0.530556 0.104688 0.136111
0 0.572656 0.477778 0.107813 0.072222
0 0.385937 0.475000 0.032813 0.055556
0 0.785937 0.448611 0.137500 0.113889
0 0.762109 0.422917 0.150781 0.129167
