0 0.010156 0.421528 0.020313 0.062500
0 0.059766 0.396528 0.057031 0.076389
0 0.113281 0.416667 0.037500 0.055556
0 0.034766 0.516667 0.069531 0.133333
0 0.118750 0.572917 0.171875 0.254167
0 0.200000 0.534028 0.082812 0.187500
0 0.246875 0.532639 0.051562 0.131944
0 0.207422 0.438194 0.078906 0.056944
0 0.227734 0.404167 0.063281 0.091667
0 0.266797 0.446528 0.024219 0.048611
0 0.297266 0.452778 0.033594 0.044444
0 0.317969 0.472917 0.032813 0.054167
0 0.395313 0.470833 0.131250 0.047222
0 0.567578 0.384722 0.197656 0.372222
0 0.407031 0.743056 0.434375 0.511111
0 0.632422 0.579167 0.146094 0.202778
0 0.786719 0.668750 0.289062 0.351389
0 0.926562 0.790278 0.145313 0.416667
0 0.855859 0.452778 0.086719 0.052778
0 0.688672 0.475694 0.041406 0.037500
0 0.742188 0.475000 0.103125 0.069444
0 0.844141 0.509722 0.130469 0.125000
0 0.947656 0.547222 0.103125 0.177778
