0 0.092448 0.474537 0.184896 0.787963
0 0.174219 0.421759 0.085938 0.363889
0 0.220052 0.447222 0.035937 0.048148
0 0.323698 0.506944 0.135937 0.210185
0 0.382292 0.454167 0.043750 0.108333
0 0.414583 0.440741 0.032292 0.062963
0 0.410677 0.489815 0.044271 0.057407
0 0.444010 0.469907 0.022396 0.034259
0 0.435417 0.446759 0.014583 0.025000
0 0.460677 0.447222 0.017188 0.027778
0 0.493229 0.414352 0.015625 0.025000
0 0.491927 0.437037 0.025521 0.025926
0 0.484375 0.520833 0.098958 0.130556
0 0.719531 0.534722 0.144271 0.182407
