0 0.011198 0.448148 0.022396 0.222222
0 0.108333 0.431944 0.020833 0.045370
0 0.162760 0.448148 0.016146 0.022222
0 0.220833 0.500463 0.054167 0.087963
0 0.135937 0.520370 0.108333 0.133333
0 0.286979 0.531019 0.123958 0.160185
0 0.351823 0.482407 0.048438 0.074074
0 0.377083 0.467130 0.018750 0.036111
0 0.393229 0.473611 0.020833 0.045370
0 0.398958 0.479167 0.012500 0.043519
0 0.294010 0.425926 0.025521 0.048148
0 0.184896 0.416667 0.020833 0.031481
0 0.245573 0.443981 0.016146 0.023148
0 0.221875 0.433333 0.014583 0.020370
0 0.409896 0.456481 0.020833 0.118519
0 0.492448 0.506019 0.160938 0.271296
0 0.607812 0.483333 0.025000 0.057407
0 0.654687 0.524074 0.123958 0.150000
0 0.836458 0.505093 0.123958 0.154630
