0 0.115104 0.471296 0.073958 0.055556
0 0.293229 0.482870 0.023958 0.034259
0 0.352083 0.451389 0.029167 0.043519
0 0.354687 0.479630 0.021875 0.033333
0 0.375521 0.486111 0.026042 0.035185
0 0.403646 0.501852 0.033333 0.048148
0 0.401823 0.477778 0.023438 0.025926
0 0.447396 0.531019 0.084375 0.126852
0 0.386719 0.472685 0.016146 0.025000
0 0.504427 0.485648 0.026562 0.032407
0 0.532292 0.486574 0.032292 0.041667
0 0.594271 0.493981 0.033333 0.041667
0 0.560156 0.529167 0.066146 0.087963
0 0.628906 0.552778 0.103646 0.125926
0 0.683594 0.518519 0.048438 0.072222
0 0.910417 0.561111 0.100000 0.107407
