0 0.144531 0.417130 0.229687 0.176852
0 0.438281 0.465278 0.039062 0.026852
0 0.670312 0.496296 0.033333 0.122222
0 0.618229 0.500463 0.069792 0.154630
0 0.559115 0.463889 0.050521 0.068519
0 0.594271 0.558333 0.101042 0.140741
0 0.468750 0.639352 0.238542 0.332407
0 0.994010 0.531944 0.010937 0.100926
0 0.899219 0.530556 0.090104 0.124074
0 0.796875 0.468981 0.061458 0.025000
0 0.805208 0.403704 0.077083 0.079630
0 0.756771 0.419444 0.041667 0.064815
0 0.729427 0.423611 0.043229 0.060185
0 0.777083 0.424074 0.147917 0.120370
0 0.716927 0.521296 0.084896 0.105556
0 0.800781 0.610648 0.240104 0.258333
