0 0.219531 0.429167 0.053125 0.041667
0 0.244531 0.449306 0.035937 0.045833
0 0.203906 0.448611 0.046875 0.033333
0 0.153125 0.455556 0.045312 0.052778
0 0.283203 0.440278 0.060156 0.058333
0 0.039062 0.478472 0.075000 0.054167
0 0.051953 0.540278 0.103906 0.080556
0 0.264453 0.475694 0.057031 0.037500
0 0.235937 0.520833 0.084375 0.100000
0 0.197266 0.512500 0.067969 0.097222
0 0.390234 0.768750 0.780469 0.459722
0 0.478906 0.645833 0.435937 0.405556
0 0.648438 0.489583 0.071875 0.115278
0 0.740625 0.569444 0.143750 0.188889
0 0.833594 0.516667 0.095312 0.147222
0 0.781641 0.422917 0.021094 0.045833
0 0.732812 0.454861 0.057813 0.043056
0 0.700000 0.463889 0.031250 0.061111
0 0.684375 0.423611 0.025000 0.047222
0 0.585156 0.422222 0.032813 0.047222
1 0.984375 0.450000 0.009375 0.058333
1 0.979297 0.452083 0.007031 0.054167
1 0.972656 0.455556 0.007812 0.063889
