0 0.065104 0.512963 0.130208 0.268519
0 0.213802 0.447222 0.025521 0.035185
0 0.285417 0.501389 0.071875 0.089815
0 0.374479 0.487500 0.034375 0.054630
0 0.413281 0.501852 0.066146 0.088889
0 0.444792 0.449074 0.064583 0.140741
0 0.482552 0.446759 0.021354 0.060185
0 0.490365 0.428241 0.018229 0.041667
0 0.511979 0.470833 0.038542 0.086111
0 0.562500 0.443056 0.014583 0.023148
0 0.570833 0.478704 0.027083 0.046296
0 0.593490 0.489352 0.040104 0.052778
0 0.628125 0.483333 0.032292 0.044444
0 0.601562 0.448611 0.039583 0.063889
0 0.717708 0.494444 0.068750 0.092593
0 0.791146 0.502778 0.037500 0.144444
0 0.897396 0.377315 0.204167 0.586111
0 0.557031 0.411111 0.014063 0.031481
