0 0.032292 0.529167 0.064583 0.217593
0 0.095573 0.501852 0.099479 0.118519
0 0.242969 0.497685 0.079687 0.125000
0 0.310677 0.521296 0.109896 0.135185
0 0.433073 0.470833 0.031771 0.050926
0 0.442708 0.481019 0.016667 0.045370
0 0.465885 0.483333 0.039062 0.070370
0 0.501042 0.520370 0.097917 0.129630
0 0.546875 0.481019 0.043750 0.075000
0 0.567448 0.473611 0.030729 0.065741
0 0.591927 0.474537 0.023438 0.036111
0 0.608073 0.471296 0.019271 0.029630
0 0.617708 0.466667 0.018750 0.031481
0 0.572917 0.441204 0.030208 0.030556
0 0.605469 0.445370 0.024479 0.024074
