0 0.058594 0.521528 0.057813 0.054167
0 0.016406 0.536111 0.032813 0.236111
0 0.549609 0.428472 0.030469 0.065278
0 0.473047 0.460417 0.108594 0.212500
0 0.322656 0.523611 0.173437 0.344444
0 0.240234 0.558333 0.024219 0.122222
0 0.119141 0.707639 0.238281 0.348611
0 0.439063 0.536806 0.062500 0.137500
0 0.537109 0.494444 0.024219 0.080556
0 0.600391 0.493750 0.067969 0.090278
0 0.630469 0.452778 0.037500 0.055556
0 0.731250 0.492361 0.081250 0.123611
0 0.774609 0.445833 0.036719 0.063889
0 0.851562 0.479861 0.067187 0.095833
0 0.908203 0.644444 0.182031 0.372222
0 0.690234 0.465278 0.028906 0.063889
0 0.676172 0.449306 0.030469 0.054167
0 0.546094 0.450694 0.031250 0.034722
1 0.680469 0.439583 0.015625 0.037500
