0 0.026562 0.736574 0.053125 0.323148
0 0.226302 0.592130 0.154688 0.191667
0 0.342708 0.564352 0.090625 0.113889
0 0.392969 0.550463 0.063021 0.093519
0 0.422656 0.526389 0.031771 0.056481
0 0.497917 0.621296 0.192708 0.270370
0 0.575521 0.507407 0.016667 0.075926
0 0.577344 0.530093 0.013021 0.039815
0 0.623437 0.477778 0.093750 0.209259
0 0.645833 0.503704 0.101042 0.207407
0 0.664323 0.557407 0.077604 0.151852
0 0.779687 0.521296 0.187500 0.350000
0 0.973177 0.747222 0.052604 0.338889
0 0.783073 0.444907 0.088021 0.193519
