0 0.130208 0.620833 0.247917 0.293519
0 0.038281 0.472222 0.076563 0.074074
0 0.157292 0.457407 0.073958 0.048148
0 0.228646 0.480093 0.064583 0.052778
0 0.334896 0.483796 0.053125 0.045370
0 0.430208 0.529167 0.065625 0.091667
0 0.461458 0.520370 0.021875 0.057407
0 0.480208 0.515741 0.017708 0.027778
0 0.520052 0.469444 0.044271 0.053704
0 0.502083 0.535185 0.034375 0.075926
0 0.553385 0.560648 0.109896 0.147222
0 0.642708 0.545370 0.076042 0.098148
0 0.632292 0.486111 0.057292 0.087037
0 0.741146 0.497222 0.139583 0.170370
