0 0.067578 0.619444 0.135156 0.205556
0 0.036328 0.517361 0.072656 0.101389
0 0.100391 0.506250 0.053906 0.043056
0 0.096094 0.466667 0.039062 0.036111
0 0.214844 0.512500 0.107813 0.197222
0 0.363672 0.517361 0.133594 0.081944
0 0.359766 0.473611 0.085156 0.047222
0 0.286719 0.488194 0.060937 0.043056
0 0.526563 0.490972 0.051562 0.084722
0 0.892578 0.446528 0.213281 0.451389
0 0.757031 0.490972 0.101562 0.237500
0 0.669141 0.468750 0.100781 0.223611
0 0.604688 0.484722 0.021875 0.086111
0 0.479687 0.451389 0.165625 0.094444
0 0.577734 0.469444 0.049219 0.041667
0 0.592187 0.485417 0.018750 0.056944
0 0.386328 0.441667 0.027344 0.061111
