0 0.025391 0.441667 0.050781 0.069444
0 0.076172 0.636111 0.152344 0.319444
0 0.149219 0.521528 0.076563 0.109722
0 0.204297 0.502778 0.052344 0.086111
0 0.255469 0.539583 0.110937 0.143056
0 0.325000 0.471528 0.035937 0.051389
0 0.367969 0.484722 0.050000 0.072222
0 0.389844 0.456250 0.031250 0.056944
0 0.517578 0.786111 0.371094 0.425000
0 0.538672 0.521528 0.116406 0.109722
0 0.519922 0.450000 0.028906 0.038889
0 0.590234 0.468750 0.032031 0.056944
0 0.621875 0.469444 0.043750 0.102778
0 0.666016 0.468056 0.082031 0.172222
