0 0.839063 0.431019 0.320833 0.862037
0 0.647656 0.521296 0.103646 0.244444
0 0.537760 0.533333 0.030729 0.035185
0 0.533073 0.556019 0.032813 0.043519
0 0.506250 0.565278 0.019792 0.023148
0 0.469792 0.559722 0.045833 0.067593
0 0.406771 0.522222 0.062500 0.146296
0 0.393750 0.571296 0.050000 0.062963
0 0.335677 0.566667 0.031771 0.048148
0 0.304427 0.573611 0.039062 0.047222
0 0.273438 0.554167 0.058333 0.084259
0 0.233073 0.591204 0.055729 0.063889
0 0.170833 0.585185 0.046875 0.059259
0 0.122917 0.587963 0.042708 0.068519
0 0.078646 0.609722 0.086458 0.106481
