0 0.328125 0.493519 0.033333 0.025926
0 0.438281 0.516667 0.028646 0.048148
0 0.540885 0.490278 0.019271 0.023148
0 0.552865 0.513889 0.021354 0.031481
0 0.573958 0.525000 0.038542 0.061111
0 0.594792 0.481019 0.039583 0.047222
0 0.613281 0.531481 0.060937 0.096296
0 0.635938 0.455556 0.050000 0.087037
0 0.681510 0.562037 0.129688 0.151852
0 0.826562 0.535648 0.053125 0.076852
0 0.735417 0.452315 0.176042 0.263889
0 0.855729 0.539815 0.041667 0.094444
0 0.919010 0.548148 0.148438 0.166667
0 0.925781 0.674074 0.147396 0.396296
0 0.497917 0.576852 0.133333 0.187037
