1 0.879427 0.530556 0.030729 0.138889
0 0.986719 0.518981 0.025521 0.128704
0 0.888021 0.487500 0.125000 0.191667
0 0.804427 0.500463 0.067187 0.121296
0 0.858854 0.278241 0.107292 0.315741
0 0.714063 0.482407 0.040625 0.053704
0 0.741667 0.448148 0.023958 0.061111
0 0.647917 0.450000 0.036458 0.033333
0 0.587760 0.459722 0.063021 0.136111
0 0.498958 0.550926 0.173958 0.287037
0 0.417708 0.497222 0.034375 0.074074
0 0.432552 0.444444 0.019271 0.029630
0 0.377344 0.451389 0.020313 0.025000
0 0.355729 0.458333 0.022917 0.025926
0 0.365104 0.484722 0.030208 0.036111
0 0.298177 0.522222 0.111979 0.227778
0 0.226823 0.501389 0.039062 0.054630
0 0.047656 0.534259 0.085938 0.094444
0 0.164583 0.468056 0.017708 0.028704
