0 0.186198 0.502315 0.050521 0.043519
0 0.396875 0.531019 0.071875 0.134259
0 0.496354 0.534259 0.036458 0.055556
0 0.524219 0.528241 0.014063 0.025000
0 0.537240 0.532407 0.015104 0.037037
0 0.560677 0.515741 0.038021 0.088889
0 0.596354 0.546759 0.058333 0.073148
0 0.663021 0.489352 0.083333 0.163889
0 0.755469 0.564815 0.205729 0.300000
0 0.865885 0.422685 0.267188 0.463889
0 0.797135 0.325463 0.048438 0.106481
0 0.857031 0.308333 0.096354 0.200000
0 0.932031 0.291204 0.134896 0.199074
0 0.944271 0.526852 0.110417 0.183333
