1 0.022917 0.400463 0.033333 0.239815
1 0.172656 0.401389 0.041146 0.210185
0 0.071875 0.413889 0.079167 0.079630
0 0.143750 0.400000 0.030208 0.029630
0 0.197135 0.379167 0.026562 0.023148
0 0.232552 0.381481 0.049479 0.068519
0 0.421615 0.406019 0.386979 0.230556
0 0.520052 0.341204 0.036979 0.047222
0 0.622917 0.398611 0.056250 0.037963
0 0.681250 0.399074 0.069792 0.051852
0 0.810156 0.425926 0.056771 0.037037
0 0.882292 0.429167 0.043750 0.054630
0 0.975521 0.470833 0.026042 0.026852
0 0.991146 0.475000 0.016667 0.038889
0 0.006510 0.442593 0.013021 0.081481
