0 0.017969 0.533333 0.035937 0.205556
0 0.134375 0.474306 0.025000 0.037500
0 0.183594 0.483333 0.020313 0.044444
0 0.209375 0.473611 0.037500 0.075000
0 0.221484 0.485417 0.042969 0.059722
0 0.259375 0.481250 0.034375 0.056944
0 0.269141 0.484028 0.025781 0.054167
0 0.283984 0.481944 0.021094 0.069444
0 0.312500 0.476389 0.048438 0.088889
0 0.334766 0.488194 0.050781 0.095833
0 0.346484 0.494444 0.064844 0.100000
0 0.424219 0.425000 0.095312 0.200000
0 0.452344 0.497222 0.054688 0.088889
0 0.494531 0.503472 0.067187 0.106944
0 0.542969 0.513194 0.092188 0.118056
0 0.695703 0.520139 0.189844 0.159722
0 0.545312 0.423611 0.062500 0.061111
0 0.603906 0.500694 0.042188 0.098611
0 0.654687 0.465278 0.092188 0.063889
0 0.968750 0.555556 0.060937 0.133333
0 0.981641 0.575694 0.035156 0.156944
