0 0.099219 0.442361 0.056250 0.068056
0 0.175391 0.394444 0.078906 0.047222
0 0.175000 0.435417 0.112500 0.076389
0 0.123438 0.473611 0.139063 0.100000
0 0.189844 0.531944 0.104688 0.136111
0 0.246875 0.483333 0.075000 0.136111
0 0.260937 0.450000 0.075000 0.163889
1 0.303516 0.505556 0.035156 0.141667
0 0.316016 0.440972 0.039844 0.123611
0 0.610547 0.428472 0.080469 0.195833
0 0.566406 0.427778 0.020313 0.163889
0 0.674609 0.396528 0.049219 0.045833
0 0.674219 0.429861 0.045312 0.062500
1 0.704297 0.416667 0.014844 0.063889
1 0.734766 0.413889 0.017969 0.080556
1 0.782031 0.390278 0.010937 0.052778
0 0.847266 0.498611 0.242969 0.211111
