0 0.022135 0.678704 0.044271 0.420370
0 0.088802 0.451852 0.029687 0.038889
0 0.141667 0.525463 0.113542 0.130556
0 0.213021 0.503704 0.062500 0.085185
0 0.246615 0.471296 0.020313 0.031481
0 0.230990 0.427778 0.061979 0.075926
0 0.293229 0.408333 0.025000 0.042593
0 0.353646 0.488426 0.050000 0.080556
0 0.376302 0.481944 0.018229 0.069444
0 0.393750 0.464352 0.016667 0.045370
0 0.371094 0.450463 0.018229 0.032407
0 0.290365 0.528704 0.117188 0.150000
0 0.415104 0.456481 0.032292 0.109259
0 0.475260 0.500463 0.136979 0.232407
0 0.550521 0.475000 0.023958 0.048148
0 0.637500 0.478241 0.047917 0.063889
0 0.804167 0.515278 0.110417 0.134259
0 0.128906 0.406019 0.018229 0.030556
0 0.083854 0.406019 0.016667 0.034259
0 0.059896 0.404167 0.014583 0.028704
0 0.098177 0.405093 0.013021 0.026852
0 0.080729 0.421759 0.014583 0.021296
0 0.272656 0.438426 0.016146 0.021296
0 0.319010 0.443519 0.019271 0.024074
0 0.329688 0.450000 0.017708 0.025926
