1 0.605469 0.454167 0.004687 0.028704
0 0.808594 0.395833 0.052604 0.034259
0 0.865885 0.387500 0.059896 0.052778
0 0.827604 0.509722 0.162500 0.167593
0 0.709635 0.564352 0.293229 0.273148
0 0.550000 0.472222 0.020833 0.031481
0 0.499740 0.499074 0.047396 0.064815
0 0.429948 0.521296 0.067187 0.098148
0 0.457813 0.463889 0.019792 0.029630
0 0.481510 0.455556 0.016146 0.029630
0 0.484635 0.466667 0.018229 0.027778
0 0.511719 0.461111 0.018229 0.022222
0 0.505729 0.453241 0.013542 0.026852
0 0.508594 0.455093 0.013021 0.023148
0 0.409896 0.458333 0.042708 0.046296
0 0.050000 0.511574 0.066667 0.071296
0 0.187240 0.588889 0.248438 0.348148
0 0.325781 0.467130 0.041146 0.030556
0 0.345833 0.462500 0.019792 0.028704
0 0.371615 0.464352 0.016146 0.023148
