0 0.122917 0.406019 0.164583 0.167593
0 0.132292 0.581481 0.243750 0.283333
0 0.234896 0.504167 0.067708 0.115741
0 0.279167 0.479630 0.043750 0.059259
0 0.317188 0.518981 0.103125 0.132407
0 0.360417 0.443519 0.040625 0.042593
0 0.377344 0.496759 0.053646 0.080556
0 0.412500 0.484722 0.036458 0.063889
0 0.413021 0.442130 0.013542 0.021296
0 0.495573 0.500463 0.155729 0.256481
0 0.617188 0.430093 0.095833 0.223148
0 0.656510 0.500000 0.115104 0.168519
0 0.723958 0.474537 0.022917 0.047222
0 0.773958 0.539352 0.153125 0.197222
0 0.913802 0.597685 0.171354 0.458333
