0 0.120833 0.636111 0.241667 0.388889
0 0.292187 0.500926 0.038542 0.033333
0 0.364844 0.551852 0.085938 0.124074
0 0.436979 0.534259 0.036458 0.062963
0 0.515104 0.478704 0.120833 0.290741
0 0.586198 0.540278 0.021354 0.054630
0 0.616927 0.505556 0.045312 0.100000
0 0.635938 0.518519 0.026042 0.085185
0 0.691406 0.462037 0.093229 0.140741
0 0.661979 0.426852 0.023958 0.061111
0 0.676562 0.423611 0.031250 0.063889
0 0.706510 0.430556 0.060937 0.077778
0 0.704948 0.564815 0.134896 0.188889
0 0.818229 0.558333 0.100000 0.135185
