0 0.040625 0.417593 0.018750 0.024074
0 0.075000 0.407870 0.015625 0.023148
0 0.099740 0.400000 0.026562 0.053704
0 0.138542 0.407407 0.014583 0.027778
0 0.196875 0.392593 0.029167 0.044444
0 0.178906 0.397685 0.014063 0.045370
0 0.250000 0.407870 0.035417 0.069444
0 0.265104 0.454167 0.035417 0.049074
0 0.315365 0.478241 0.085938 0.123148
0 0.357031 0.464352 0.036979 0.095370
0 0.389583 0.437037 0.017708 0.044444
0 0.370052 0.425926 0.015104 0.033333
0 0.099219 0.496296 0.066146 0.144444
0 0.016667 0.481944 0.033333 0.132407
0 0.015885 0.551852 0.031771 0.159259
0 0.178906 0.546296 0.209896 0.253704
0 0.463802 0.480093 0.135937 0.232407
0 0.536719 0.443519 0.017188 0.042593
0 0.571094 0.441204 0.031771 0.045370
0 0.609635 0.460648 0.054688 0.071296
