0 0.947135 0.573148 0.104688 0.105556
0 0.837500 0.581481 0.263542 0.366667
0 0.706771 0.528241 0.037500 0.065741
0 0.662760 0.527315 0.046354 0.054630
0 0.688021 0.497222 0.048958 0.090741
0 0.588542 0.542593 0.072917 0.090741
0 0.575000 0.503241 0.034375 0.039815
0 0.531771 0.525926 0.050000 0.066667
0 0.496615 0.491204 0.026562 0.036111
0 0.460677 0.527778 0.064062 0.096296
0 0.427344 0.517593 0.026562 0.053704
0 0.439844 0.478241 0.018229 0.026852
0 0.425000 0.487963 0.018750 0.027778
0 0.405469 0.503704 0.031771 0.040741
0 0.403646 0.482407 0.020833 0.027778
0 0.402083 0.468519 0.017708 0.024074
0 0.381250 0.493981 0.022917 0.032407
0 0.363021 0.479167 0.020833 0.023148
0 0.349479 0.465741 0.017708 0.024074
0 0.367708 0.444444 0.028125 0.048148
