0 0.244531 0.434028 0.057813 0.054167
0 0.309375 0.439583 0.056250 0.056944
0 0.301953 0.450000 0.033594 0.036111
0 0.271484 0.453472 0.035156 0.056944
0 0.162891 0.490972 0.066406 0.112500
0 0.068359 0.478472 0.088281 0.065278
0 0.013672 0.477083 0.027344 0.054167
0 0.021484 0.577083 0.042969 0.156944
0 0.029687 0.464583 0.053125 0.045833
0 0.416797 0.420139 0.046094 0.059722
0 0.352344 0.456250 0.051562 0.051389
0 0.290625 0.495139 0.071875 0.045833
0 0.190625 0.551389 0.112500 0.144444
0 0.417187 0.750694 0.590625 0.495833
0 0.516406 0.584722 0.312500 0.288889
0 0.519922 0.404167 0.063281 0.075000
0 0.340234 0.493750 0.063281 0.045833
0 0.708594 0.411806 0.050000 0.073611
0 0.648438 0.444444 0.048438 0.125000
0 0.664844 0.493750 0.057813 0.106944
0 0.701562 0.525694 0.095312 0.154167
0 0.775781 0.605556 0.181250 0.222222
0 0.724609 0.457639 0.041406 0.051389
0 0.786328 0.470833 0.071094 0.061111
0 0.887500 0.445139 0.062500 0.112500
1 0.991797 0.452083 0.008594 0.056944
1 0.985938 0.450000 0.009375 0.044444
1 0.978516 0.456250 0.010156 0.062500
0 0.187500 0.454167 0.028125 0.052778
