0 0.283203 0.438194 0.060156 0.054167
0 0.219922 0.429861 0.052344 0.043056
0 0.244141 0.445833 0.035156 0.036111
0 0.153125 0.457639 0.045312 0.056944
0 0.040625 0.479167 0.075000 0.052778
0 0.256250 0.475694 0.042188 0.034722
0 0.200781 0.516667 0.106250 0.111111
0 0.081641 0.533333 0.114844 0.094444
0 0.027734 0.554861 0.055469 0.084722
0 0.247656 0.527083 0.065625 0.079167
0 0.389453 0.770139 0.778906 0.456944
0 0.478906 0.647917 0.437500 0.409722
0 0.502734 0.417361 0.055469 0.059722
0 0.606250 0.428472 0.037500 0.076389
0 0.639062 0.481944 0.064062 0.091667
0 0.692969 0.465972 0.037500 0.051389
0 0.812109 0.524306 0.105469 0.151389
1 0.985938 0.450694 0.012500 0.059722
1 0.979688 0.452778 0.007812 0.052778
1 0.971484 0.456250 0.011719 0.065278
