0 0.108594 0.416667 0.217188 0.466667
0 0.256771 0.562037 0.148958 0.183333
0 0.365625 0.493981 0.037500 0.076852
0 0.386719 0.524537 0.076563 0.099074
0 0.409635 0.467130 0.043229 0.082407
0 0.450521 0.456481 0.021875 0.038889
0 0.490104 0.541204 0.123958 0.184259
0 0.563802 0.484722 0.041146 0.073148
0 0.574479 0.510185 0.025000 0.062963
0 0.640625 0.464352 0.128125 0.230556
0 0.719010 0.506019 0.030729 0.126852
0 0.831510 0.548611 0.243229 0.347222
0 0.733333 0.431481 0.013542 0.031481
0 0.547656 0.477315 0.024479 0.056481
0 0.537240 0.453704 0.027604 0.051852
0 0.436979 0.500926 0.017708 0.050000
