0 0.202604 0.476852 0.065625 0.035185
0 0.078646 0.577778 0.157292 0.185185
0 0.137500 0.524074 0.041667 0.059259
0 0.189583 0.552315 0.083333 0.123148
0 0.410417 0.690741 0.455208 0.616667
0 0.580990 0.495833 0.043229 0.145370
0 0.573177 0.451852 0.034896 0.077778
0 0.650781 0.486574 0.032813 0.056481
0 0.646875 0.532407 0.047917 0.066667
0 0.701042 0.546759 0.069792 0.108333
0 0.786979 0.559259 0.143750 0.188889
0 0.921875 0.617593 0.155208 0.303704
0 0.228646 0.509722 0.076042 0.193519
0 0.596615 0.452778 0.014063 0.079630
