0 0.283594 0.435417 0.059375 0.048611
0 0.219922 0.429167 0.052344 0.041667
0 0.243750 0.450000 0.034375 0.044444
0 0.201172 0.449306 0.057031 0.034722
0 0.149609 0.452778 0.039844 0.044444
0 0.266406 0.488889 0.065625 0.075000
0 0.187109 0.517361 0.164844 0.093056
0 0.038672 0.481944 0.077344 0.063889
0 0.023438 0.456250 0.043750 0.040278
0 0.014063 0.552083 0.028125 0.087500
0 0.390234 0.769444 0.780469 0.458333
0 0.478906 0.647222 0.437500 0.400000
0 0.510938 0.418750 0.056250 0.056944
0 0.645703 0.490972 0.067969 0.106944
0 0.612891 0.412500 0.028906 0.038889
0 0.701172 0.470833 0.039844 0.058333
0 0.887500 0.556944 0.150000 0.205556
1 0.985547 0.452083 0.011719 0.059722
1 0.979688 0.450000 0.009375 0.055556
1 0.971484 0.455556 0.011719 0.066667
