0 0.246875 0.549074 0.092708 0.137037
0 0.375781 0.468056 0.178646 0.345370
0 0.485156 0.490741 0.027604 0.068519
0 0.484375 0.523611 0.013542 0.073148
0 0.493229 0.538426 0.034375 0.113889
0 0.539323 0.558796 0.105729 0.156481
0 0.720573 0.543519 0.090104 0.098148
0 0.868750 0.494444 0.077083 0.083333
0 0.871615 0.460185 0.055729 0.040741
0 0.910937 0.462500 0.025000 0.041667
0 0.972917 0.438889 0.053125 0.038889
0 0.973177 0.454167 0.052604 0.047222
0 0.981771 0.448148 0.035417 0.033333
1 0.661198 0.519444 0.014063 0.074074
0 0.857552 0.454630 0.031771 0.027778
