0 0.020313 0.551389 0.040625 0.134259
0 0.160938 0.549074 0.114583 0.133333
0 0.324479 0.429630 0.201042 0.412963
0 0.434375 0.459259 0.051042 0.220370
0 0.511198 0.528241 0.070312 0.091667
0 0.471094 0.507407 0.021354 0.029630
0 0.478646 0.492593 0.017708 0.044444
0 0.778125 0.513889 0.052083 0.090741
0 0.741406 0.521759 0.024479 0.063889
0 0.727344 0.513889 0.049479 0.068519
0 0.697396 0.516667 0.030208 0.055556
1 0.687760 0.492130 0.007812 0.026852
0 0.667708 0.512963 0.020833 0.044444
0 0.653385 0.509259 0.026562 0.046296
0 0.651042 0.495833 0.040625 0.054630
0 0.601823 0.474537 0.030729 0.041667
0 0.632812 0.475926 0.036458 0.042593
