0 0.081250 0.544444 0.070833 0.159259
0 0.041667 0.609259 0.083333 0.551852
0 0.065885 0.435648 0.131771 0.252778
0 0.212500 0.561574 0.189583 0.223148
0 0.291146 0.503704 0.051042 0.100000
0 0.354687 0.522222 0.095833 0.125926
0 0.410677 0.501389 0.051562 0.078704
0 0.439063 0.490278 0.031250 0.063889
0 0.505729 0.501389 0.122917 0.215741
0 0.620052 0.492130 0.073438 0.115741
0 0.591667 0.460185 0.061458 0.133333
0 0.685937 0.490278 0.046875 0.082407
0 0.755469 0.431944 0.114062 0.223148
0 0.834375 0.539352 0.227083 0.315741
