0 0.026302 0.571296 0.052604 0.137037
0 0.089063 0.485648 0.072917 0.060185
0 0.203646 0.562500 0.101042 0.117593
0 0.237240 0.490278 0.042188 0.054630
0 0.342708 0.454630 0.173958 0.372222
0 0.440104 0.485648 0.050000 0.199074
0 0.474479 0.526852 0.018750 0.024074
0 0.482812 0.518519 0.015625 0.038889
0 0.519010 0.543981 0.058854 0.076852
0 0.505729 0.511574 0.026042 0.036111
0 0.757812 0.515741 0.066667 0.138889
0 0.858073 0.481481 0.152604 0.244444
0 0.933333 0.512037 0.126042 0.211111
0 0.962500 0.531481 0.073958 0.159259
0 0.249219 0.540741 0.017188 0.061111
