0 0.309635 0.477778 0.038021 0.031481
0 0.241927 0.485648 0.030729 0.036111
0 0.169792 0.481944 0.080208 0.065741
0 0.437500 0.473611 0.018750 0.026852
0 0.425521 0.483333 0.016667 0.033333
0 0.403646 0.494907 0.040625 0.060185
0 0.463021 0.454630 0.023958 0.038889
0 0.467708 0.538426 0.086458 0.126852
0 0.508073 0.475000 0.077604 0.168519
0 0.554688 0.484259 0.018750 0.044444
0 0.562240 0.493519 0.026562 0.038889
0 0.585938 0.529630 0.070833 0.101852
0 0.597656 0.485185 0.032813 0.031481
0 0.645573 0.506944 0.050521 0.054630
0 0.709896 0.511111 0.044792 0.070370
