0 0.038281 0.496759 0.076563 0.086111
0 0.121615 0.482407 0.035937 0.090741
0 0.172656 0.525000 0.130729 0.161111
0 0.261198 0.430556 0.153646 0.259259
0 0.349479 0.457870 0.035417 0.076852
0 0.364844 0.417593 0.032813 0.051852
0 0.358073 0.364352 0.033854 0.045370
0 0.380208 0.354630 0.025000 0.050000
0 0.405990 0.468981 0.071354 0.095370
0 0.513542 0.511111 0.138542 0.224074
0 0.499479 0.365278 0.071875 0.106481
0 0.612240 0.468981 0.079687 0.102778
0 0.558333 0.410648 0.032292 0.054630
0 0.973437 0.397222 0.032292 0.066667
0 0.386458 0.401852 0.028125 0.038889
0 0.406250 0.391204 0.021875 0.030556
0 0.414062 0.340741 0.019792 0.029630
