0 0.150521 0.551852 0.301042 0.431481
0 0.293490 0.503704 0.038021 0.125926
0 0.345052 0.490278 0.027604 0.063889
0 0.376823 0.493056 0.050521 0.084259
0 0.415885 0.513889 0.081771 0.105556
0 0.458073 0.487037 0.028646 0.037037
0 0.500260 0.492593 0.050521 0.072222
0 0.558854 0.516667 0.081250 0.105556
0 0.528125 0.483333 0.017708 0.033333
0 0.582292 0.487963 0.038542 0.068519
0 0.604688 0.481944 0.025000 0.058333
0 0.622396 0.483333 0.017708 0.033333
0 0.635677 0.480556 0.017188 0.027778
0 0.648698 0.477315 0.018229 0.028704
0 0.652083 0.467130 0.023958 0.039815
