0 0.150521 0.424074 0.090625 0.083333
0 0.418229 0.444907 0.012500 0.036111
0 0.429948 0.443519 0.015104 0.033333
0 0.448698 0.445833 0.013021 0.030556
0 0.429167 0.493056 0.046875 0.063889
0 0.459635 0.475926 0.032813 0.057407
0 0.509115 0.504167 0.074479 0.099074
0 0.506510 0.431944 0.051562 0.084259
0 0.544531 0.462037 0.024479 0.057407
0 0.575260 0.475926 0.013021 0.025926
0 0.593229 0.474537 0.027083 0.045370
0 0.662760 0.439815 0.072396 0.155556
0 0.797656 0.434722 0.252604 0.445370
0 0.917448 0.542593 0.023438 0.096296
