0 0.061458 0.412963 0.018750 0.031481
0 0.071615 0.438426 0.023438 0.054630
0 0.044271 0.453704 0.015625 0.022222
0 0.101042 0.455093 0.016667 0.021296
0 0.199219 0.426852 0.023438 0.031481
0 0.293490 0.424074 0.025521 0.038889
0 0.319271 0.459722 0.022917 0.039815
0 0.342969 0.480093 0.051562 0.073148
0 0.372396 0.460185 0.019792 0.035185
0 0.382031 0.468056 0.011979 0.045370
0 0.147135 0.509722 0.086979 0.119444
0 0.246354 0.525926 0.138542 0.175926
0 0.474479 0.503241 0.180208 0.304630
0 0.593750 0.477315 0.051042 0.060185
0 0.693229 0.490278 0.079167 0.095370
0 0.294792 0.460185 0.015625 0.035185
