0 0.176563 0.456944 0.115625 0.099074
0 0.246615 0.472685 0.030729 0.058333
0 0.332292 0.476389 0.026042 0.036111
0 0.386719 0.479167 0.017188 0.023148
0 0.407292 0.470370 0.027083 0.033333
0 0.435677 0.507407 0.035937 0.048148
0 0.375781 0.531019 0.063021 0.082407
0 0.458854 0.495833 0.020833 0.026852
0 0.455990 0.474537 0.017188 0.028704
0 0.501563 0.459722 0.026042 0.036111
0 0.471354 0.489815 0.014583 0.024074
0 0.498437 0.523148 0.062500 0.090741
0 0.521354 0.471759 0.014583 0.036111
0 0.524740 0.479630 0.014063 0.025926
0 0.527604 0.492130 0.014583 0.023148
0 0.535677 0.493981 0.020313 0.026852
0 0.552344 0.503241 0.023438 0.037963
0 0.555208 0.507870 0.018750 0.047222
0 0.588802 0.499074 0.063021 0.116667
