0 0.935156 0.412963 0.128646 0.233333
0 0.768750 0.430556 0.095833 0.148148
0 0.510156 0.448611 0.032813 0.052778
0 0.468490 0.465278 0.023438 0.032407
0 0.450781 0.464352 0.015104 0.028704
0 0.415885 0.464352 0.021354 0.028704
0 0.388281 0.470370 0.027604 0.035185
0 0.364583 0.470370 0.019792 0.029630
0 0.134115 0.490741 0.073438 0.075926
0 0.165625 0.474074 0.040625 0.070370
0 0.227344 0.482870 0.045312 0.060185
0 0.286979 0.497222 0.076042 0.098148
0 0.316406 0.469444 0.018229 0.042593
0 0.341146 0.470833 0.034375 0.047222
