0 0.345313 0.523148 0.022917 0.027778
0 0.381510 0.535648 0.033854 0.065741
0 0.317969 0.523148 0.019271 0.025926
0 0.277604 0.562963 0.025000 0.035185
0 0.241927 0.560648 0.024479 0.043519
0 0.260156 0.561111 0.015104 0.027778
0 0.224740 0.580093 0.046354 0.062037
0 0.194271 0.563426 0.026042 0.032407
0 0.175000 0.590741 0.058333 0.081481
0 0.114844 0.604167 0.089063 0.104630
0 0.188021 0.535648 0.022917 0.028704
0 0.154948 0.547222 0.048438 0.055556
0 0.421875 0.536111 0.057292 0.142593
0 0.546875 0.518056 0.219792 0.382407
0 0.697135 0.515741 0.055729 0.033333
0 0.727865 0.514352 0.032813 0.036111
0 0.796615 0.509259 0.041146 0.025926
0 0.827865 0.505093 0.036979 0.045370
0 0.860677 0.479630 0.022396 0.053704
0 0.860677 0.506481 0.023438 0.033333
