0 0.096094 0.584259 0.192188 0.296296
0 0.254167 0.512037 0.141667 0.194444
0 0.321354 0.490278 0.059375 0.143519
0 0.352604 0.492130 0.022917 0.075000
0 0.362500 0.472222 0.020833 0.035185
0 0.391667 0.456019 0.042708 0.091667
0 0.453646 0.485648 0.096875 0.163889
0 0.509375 0.487500 0.031250 0.063889
0 0.575521 0.491204 0.078125 0.113889
0 0.765625 0.539815 0.182292 0.248148
0 0.185417 0.478704 0.018750 0.048148
0 0.185677 0.436574 0.023438 0.030556
0 0.157031 0.437963 0.024479 0.040741
0 0.068750 0.425000 0.021875 0.024074
0 0.009635 0.423148 0.019271 0.046296
0 0.123177 0.434722 0.020313 0.023148
