0 0.021615 0.488426 0.043229 0.056481
0 0.184115 0.501852 0.038021 0.024074
0 0.328385 0.498148 0.024479 0.024074
0 0.353385 0.493981 0.025521 0.034259
0 0.372917 0.496759 0.013542 0.025000
0 0.404427 0.493056 0.025521 0.026852
0 0.401562 0.534259 0.047917 0.064815
0 0.433333 0.523148 0.029167 0.044444
0 0.483594 0.546296 0.094271 0.138889
0 0.527344 0.492130 0.021354 0.041667
0 0.533854 0.508333 0.019792 0.042593
0 0.541927 0.518519 0.021354 0.035185
0 0.558594 0.522685 0.030729 0.039815
0 0.575000 0.530093 0.018750 0.060185
0 0.590885 0.538426 0.040104 0.084259
0 0.655729 0.512963 0.114583 0.207407
