0 0.108073 0.410648 0.216146 0.504630
0 0.288542 0.525926 0.181250 0.266667
0 0.380469 0.491667 0.036979 0.077778
0 0.425000 0.512963 0.075000 0.098148
0 0.467187 0.489815 0.034375 0.053704
0 0.510156 0.494444 0.028646 0.050000
0 0.550000 0.513889 0.079167 0.103704
0 0.578906 0.492593 0.041146 0.072222
0 0.597396 0.487500 0.014583 0.056481
0 0.606510 0.485185 0.019271 0.050000
0 0.625000 0.491204 0.020833 0.030556
0 0.639583 0.492130 0.015625 0.026852
0 0.650781 0.490741 0.016146 0.027778
0 0.675521 0.486111 0.019792 0.037037
