0 0.833333 0.506944 0.066667 0.082407
0 0.833333 0.443519 0.040625 0.053704
0 0.881771 0.469444 0.046875 0.048148
0 0.681250 0.540278 0.130208 0.180556
0 0.634375 0.463426 0.020833 0.036111
0 0.616927 0.457407 0.016146 0.027778
0 0.607812 0.455556 0.013542 0.025926
0 0.095833 0.473148 0.191667 0.412963
0 0.200521 0.473148 0.030208 0.079630
0 0.216927 0.530093 0.063021 0.069444
0 0.243229 0.504630 0.027083 0.050000
0 0.283333 0.487037 0.071875 0.129630
0 0.329688 0.509259 0.021875 0.048148
0 0.330729 0.482870 0.026042 0.028704
0 0.373177 0.528704 0.068229 0.146296
0 0.403646 0.475463 0.023958 0.026852
0 0.412500 0.463426 0.018750 0.023148
0 0.430990 0.468056 0.019271 0.026852
0 0.501042 0.541667 0.106250 0.168519
