0 0.182031 0.417593 0.352604 0.570370
0 0.407031 0.432870 0.110937 0.126852
0 0.476823 0.451852 0.048438 0.062963
0 0.425781 0.630556 0.235937 0.311111
0 0.530469 0.523611 0.061979 0.100926
0 0.566667 0.516667 0.033333 0.053704
0 0.589844 0.506019 0.020313 0.032407
0 0.612240 0.510185 0.038021 0.055556
0 0.600521 0.470370 0.035417 0.044444
0 0.648958 0.478241 0.029167 0.050926
0 0.645052 0.496296 0.021354 0.027778
0 0.672917 0.463426 0.020833 0.026852
0 0.675000 0.492130 0.020833 0.028704
0 0.677865 0.476389 0.031771 0.065741
0 0.842969 0.480556 0.313021 0.746296
