0 0.041016 0.418750 0.025781 0.048611
0 0.039062 0.452778 0.031250 0.041667
0 0.085547 0.423611 0.049219 0.097222
0 0.092969 0.450694 0.031250 0.043056
0 0.128516 0.435417 0.032031 0.073611
0 0.142578 0.446528 0.033594 0.056944
0 0.169141 0.450000 0.050781 0.044444
0 0.167578 0.484028 0.064844 0.081944
0 0.194141 0.445139 0.021094 0.034722
0 0.303906 0.406250 0.120313 0.079167
0 0.261719 0.502083 0.085938 0.118056
0 0.326562 0.470833 0.029687 0.058333
0 0.345703 0.487500 0.027344 0.077778
0 0.359766 0.490972 0.027344 0.095833
0 0.385156 0.505556 0.062500 0.127778
0 0.376563 0.523611 0.025000 0.125000
0 0.425781 0.536806 0.109375 0.176389
0 0.480469 0.404861 0.112500 0.201389
0 0.591406 0.422917 0.123438 0.079167
0 0.746094 0.479167 0.057813 0.066667
0 0.508203 0.506944 0.055469 0.102778
0 0.545312 0.521528 0.092188 0.129167
0 0.573047 0.546528 0.042969 0.148611
0 0.651172 0.539583 0.146094 0.234722
0 0.696484 0.590278 0.141406 0.208333
0 0.785547 0.658333 0.203906 0.302778
0 0.883203 0.767361 0.232031 0.462500
