0 0.354427 0.487037 0.024479 0.031481
0 0.498177 0.559259 0.129688 0.198148
0 0.575260 0.517130 0.045312 0.075000
0 0.650000 0.539352 0.057292 0.099074
0 0.707292 0.554630 0.109375 0.140741
0 0.779167 0.477778 0.087500 0.081481
0 0.776563 0.505556 0.025000 0.044444
0 0.779948 0.505556 0.023438 0.044444
0 0.789583 0.508333 0.029167 0.046296
0 0.811198 0.507870 0.039062 0.050926
0 0.836458 0.507870 0.044792 0.052778
0 0.860677 0.510648 0.046354 0.054630
0 0.891667 0.516204 0.044792 0.052778
0 0.388542 0.384722 0.057292 0.037963
