0 0.089583 0.442593 0.118750 0.112963
0 0.273177 0.458796 0.050521 0.080556
0 0.330469 0.486111 0.045312 0.025926
0 0.427083 0.453704 0.014583 0.029630
0 0.435156 0.456019 0.013021 0.025000
0 0.481510 0.462963 0.017188 0.024074
0 0.510156 0.462500 0.018229 0.023148
0 0.478906 0.477778 0.022396 0.027778
0 0.448698 0.509722 0.038021 0.050926
0 0.404427 0.526852 0.070312 0.100000
0 0.511458 0.499537 0.034375 0.049074
0 0.535937 0.449537 0.021875 0.049074
0 0.551042 0.468981 0.034375 0.065741
0 0.566667 0.503241 0.031250 0.041667
0 0.574479 0.456944 0.018750 0.045370
0 0.584375 0.474074 0.020833 0.042593
0 0.606771 0.483796 0.026042 0.063889
