0 0.034896 0.516667 0.051042 0.051852
0 0.087240 0.524074 0.060937 0.074074
0 0.176042 0.519444 0.054167 0.066667
0 0.288542 0.540741 0.164583 0.233333
0 0.409635 0.463889 0.132812 0.262963
0 0.486719 0.475926 0.041146 0.133333
0 0.472656 0.518981 0.016146 0.062037
0 0.542448 0.517130 0.052604 0.071296
0 0.582552 0.493519 0.026562 0.038889
0 0.588542 0.516204 0.028125 0.036111
0 0.630990 0.516204 0.026562 0.037963
0 0.692708 0.511574 0.030208 0.045370
0 0.648177 0.501389 0.032813 0.030556
0 0.721875 0.499074 0.016667 0.024074
0 0.779427 0.512963 0.056771 0.064815
0 0.879687 0.492130 0.107292 0.054630
0 0.605990 0.503241 0.020313 0.039815
0 0.741146 0.499074 0.017708 0.025926
0 0.012760 0.351852 0.025521 0.133333
