1 0.942448 0.527315 0.026562 0.130556
1 0.947135 0.506019 0.019271 0.113889
1 0.911979 0.524537 0.025000 0.136111
1 0.852344 0.506019 0.024479 0.110185
1 0.774740 0.492130 0.024479 0.102778
1 0.741927 0.495833 0.022396 0.102778
1 0.686979 0.477778 0.009375 0.031481
1 0.647917 0.484259 0.013542 0.050000
1 0.639583 0.496296 0.006250 0.046296
1 0.661719 0.478704 0.006771 0.035185
1 0.463542 0.383796 0.005208 0.023148
1 0.048438 0.506481 0.007292 0.024074
0 0.075781 0.533333 0.048438 0.068519
0 0.115885 0.527778 0.020313 0.048148
0 0.153385 0.529630 0.078646 0.090741
0 0.202083 0.515741 0.054167 0.083333
0 0.231771 0.516667 0.026042 0.064815
0 0.266406 0.523148 0.055729 0.090741
0 0.369010 0.571759 0.205729 0.262037
0 0.483594 0.515741 0.047396 0.068519
0 0.476823 0.470833 0.029687 0.047222
0 0.501302 0.485648 0.018229 0.039815
0 0.520833 0.502315 0.020833 0.028704
0 0.548698 0.497222 0.019271 0.044444
