0 0.061328 0.466667 0.122656 0.569444
0 0.410547 0.453472 0.042969 0.040278
0 0.464844 0.451389 0.065625 0.138889
0 0.755859 0.418056 0.061719 0.116667
0 0.956641 0.519444 0.085156 0.147222
0 0.746094 0.445833 0.048438 0.047222
0 0.773438 0.454167 0.020313 0.058333
0 0.730078 0.520139 0.108594 0.159722
0 0.686719 0.451389 0.034375 0.063889
0 0.631250 0.452083 0.037500 0.054167
0 0.568750 0.458333 0.028125 0.047222
0 0.534766 0.452083 0.027344 0.040278
0 0.403125 0.509722 0.067187 0.086111
0 0.510938 0.462500 0.029687 0.063889
0 0.260156 0.466667 0.025000 0.044444
0 0.603906 0.493750 0.062500 0.090278
0 0.563672 0.413889 0.021094 0.033333
