0 0.130208 0.467593 0.135417 0.100000
0 0.417969 0.509259 0.020313 0.025926
0 0.465885 0.525000 0.014063 0.027778
0 0.451042 0.527315 0.021875 0.049074
0 0.430729 0.535648 0.043750 0.065741
0 0.381771 0.546759 0.071875 0.108333
0 0.287500 0.570833 0.144792 0.204630
0 0.498437 0.484722 0.053125 0.086111
0 0.498437 0.552315 0.064583 0.089815
0 0.556771 0.493981 0.052083 0.126852
0 0.607552 0.545370 0.058854 0.075926
0 0.658854 0.532870 0.025000 0.037963
0 0.630469 0.525000 0.035937 0.070370
0 0.797135 0.497222 0.108854 0.235185
0 0.885677 0.663889 0.227604 0.368519
