0 0.046615 0.585185 0.093229 0.192593
0 0.172656 0.484259 0.064062 0.051852
0 0.280990 0.568056 0.138021 0.173148
0 0.342969 0.536111 0.036979 0.083333
0 0.397135 0.496759 0.073438 0.136111
0 0.454167 0.523611 0.022917 0.041667
0 0.464583 0.531944 0.022917 0.049074
0 0.503646 0.549074 0.081250 0.124074
0 0.520833 0.488889 0.039583 0.044444
0 0.547656 0.483796 0.028646 0.026852
0 0.570052 0.489352 0.016146 0.023148
0 0.572917 0.518519 0.018750 0.031481
0 0.541667 0.534259 0.018750 0.051852
0 0.553125 0.521759 0.029167 0.050926
0 0.600260 0.498148 0.045312 0.118519
0 0.607292 0.531019 0.052083 0.102778
0 0.688021 0.562037 0.119792 0.151852
0 0.907031 0.431019 0.184896 0.443519
0 0.644010 0.521759 0.020313 0.054630
