1 0.887500 0.524074 0.025000 0.066667
1 0.352083 0.436111 0.005208 0.027778
1 0.280990 0.456944 0.005729 0.023148
1 0.023698 0.510185 0.013021 0.075926
0 0.107813 0.545370 0.103125 0.129630
0 0.184635 0.532407 0.071354 0.101852
0 0.367448 0.452778 0.024479 0.042593
0 0.383854 0.450926 0.014583 0.031481
0 0.397396 0.446759 0.015625 0.025000
0 0.413281 0.451852 0.022396 0.029630
0 0.426042 0.445833 0.014583 0.025000
0 0.441667 0.452315 0.022917 0.030556
0 0.456250 0.421759 0.030208 0.050926
0 0.377083 0.532870 0.094792 0.121296
0 0.503125 0.576852 0.193750 0.268519
0 0.583073 0.512037 0.027604 0.088889
0 0.561198 0.451389 0.024479 0.032407
0 0.552344 0.434722 0.017188 0.021296
0 0.569271 0.406944 0.019792 0.025000
0 0.626042 0.481019 0.034375 0.058333
0 0.614062 0.498148 0.053125 0.077778
0 0.752604 0.473611 0.186458 0.323148
0 0.855208 0.531481 0.020833 0.111111
0 0.870313 0.473611 0.051042 0.158333
