0 0.018359 0.447222 0.033594 0.044444
0 0.030078 0.538194 0.060156 0.134722
0 0.067578 0.457639 0.060156 0.059722
0 0.112891 0.603472 0.178906 0.218056
0 0.119922 0.477778 0.088281 0.041667
0 0.175000 0.494444 0.064062 0.091667
0 0.233594 0.420833 0.029687 0.044444
0 0.254297 0.472222 0.049219 0.061111
0 0.281641 0.445139 0.039844 0.045833
0 0.307031 0.495833 0.065625 0.086111
0 0.554688 0.488889 0.023438 0.061111
0 0.522266 0.496528 0.055469 0.115278
0 0.462500 0.495139 0.084375 0.181944
0 0.398438 0.559722 0.143750 0.127778
0 0.378906 0.807639 0.414062 0.381944
0 0.901172 0.473611 0.196094 0.461111
