0 0.157031 0.208333 0.032813 0.038889
0 0.119531 0.215278 0.043750 0.094444
0 0.051172 0.322222 0.053906 0.055556
0 0.262109 0.300694 0.027344 0.043056
0 0.223438 0.315278 0.043750 0.052778
0 0.266406 0.311111 0.023438 0.052778
0 0.316797 0.293056 0.027344 0.044444
0 0.295703 0.300000 0.052344 0.047222
0 0.212109 0.354167 0.067969 0.094444
0 0.153516 0.354861 0.058594 0.070833
0 0.108984 0.350694 0.057031 0.079167
0 0.047266 0.394444 0.077344 0.094444
0 0.130859 0.422222 0.099219 0.122222
0 0.040234 0.481944 0.080469 0.155556
0 0.011719 0.366667 0.023438 0.075000
0 0.189844 0.511806 0.167187 0.198611
0 0.228125 0.624306 0.240625 0.315278
0 0.301172 0.374306 0.075781 0.118056
0 0.347266 0.336111 0.049219 0.069444
0 0.368359 0.272222 0.074219 0.144444
0 0.413281 0.277083 0.028125 0.045833
0 0.476562 0.272917 0.031250 0.045833
0 0.457031 0.288889 0.028125 0.047222
0 0.443750 0.311111 0.050000 0.077778
0 0.434375 0.340278 0.060937 0.083333
0 0.521875 0.308333 0.059375 0.052778
0 0.511328 0.361111 0.092969 0.116667
0 0.508594 0.457639 0.123438 0.159722
