1 0.923958 0.512500 0.066667 0.452778
1 0.921875 0.510648 0.062500 0.386111
1 0.804167 0.507870 0.061458 0.408333
1 0.757552 0.514352 0.048438 0.378704
1 0.726302 0.513426 0.065104 0.352778
1 0.714063 0.518519 0.044792 0.285185
1 0.703646 0.508796 0.019792 0.278704
1 0.684115 0.502315 0.028646 0.197222
1 0.699219 0.493981 0.011979 0.199074
1 0.671615 0.496759 0.023438 0.189815
1 0.587760 0.496296 0.023438 0.148148
0 0.542188 0.522222 0.107292 0.159259
0 0.476302 0.513426 0.046354 0.095370
0 0.439063 0.467593 0.075000 0.059259
0 0.059115 0.479630 0.118229 0.250000
