0 0.319531 0.489815 0.023438 0.025926
0 0.023698 0.489352 0.047396 0.041667
0 0.174219 0.481944 0.075521 0.050926
0 0.543490 0.484722 0.014063 0.023148
0 0.565625 0.479630 0.036458 0.051852
0 0.625260 0.518519 0.021354 0.048148
0 0.654948 0.520833 0.056771 0.075000
0 0.550781 0.518056 0.030729 0.045370
0 0.590365 0.532407 0.067187 0.087037
0 0.525260 0.473148 0.016146 0.022222
0 0.483073 0.585648 0.152604 0.213889
0 0.741146 0.438426 0.155208 0.147222
0 0.762760 0.575000 0.199479 0.251852
0 0.916146 0.555556 0.090625 0.122222
0 0.976823 0.481944 0.045312 0.456481
