0 0.072396 0.663889 0.142708 0.525926
0 0.290104 0.487037 0.062500 0.031481
0 0.301302 0.457870 0.090104 0.091667
0 0.384635 0.474537 0.034896 0.049074
0 0.391667 0.449074 0.035417 0.044444
0 0.403125 0.529167 0.082292 0.115741
0 0.486719 0.514815 0.045312 0.061111
0 0.551042 0.481944 0.086458 0.252778
0 0.642708 0.493519 0.063542 0.162963
0 0.603646 0.487037 0.021875 0.050000
0 0.709115 0.446759 0.024479 0.026852
0 0.459635 0.448148 0.026562 0.029630
0 0.473698 0.469907 0.029687 0.028704
0 0.466406 0.476389 0.030729 0.026852
