0 0.123438 0.648148 0.246875 0.322222
0 0.276823 0.546759 0.076563 0.106481
0 0.331771 0.547685 0.048958 0.071296
0 0.390365 0.547222 0.070312 0.103704
0 0.437500 0.541204 0.037500 0.052778
0 0.457813 0.535185 0.019792 0.038889
0 0.464323 0.511111 0.029687 0.070370
0 0.498437 0.535185 0.054167 0.100000
0 0.549740 0.527778 0.028646 0.046296
0 0.595313 0.527315 0.025000 0.049074
0 0.626042 0.552315 0.071875 0.089815
0 0.922135 0.439815 0.154688 0.459259
0 0.022396 0.504630 0.044792 0.103704
0 0.064844 0.481019 0.075521 0.034259
0 0.531510 0.522222 0.019271 0.042593
