0 0.117188 0.599074 0.234375 0.346296
0 0.187500 0.454630 0.085417 0.109259
0 0.249479 0.486574 0.037500 0.045370
0 0.292187 0.486574 0.022917 0.028704
0 0.313281 0.486111 0.036979 0.031481
0 0.342187 0.490741 0.025000 0.029630
0 0.398698 0.535648 0.059896 0.075000
0 0.483594 0.551389 0.091146 0.121296
0 0.499219 0.472222 0.035937 0.037037
0 0.545833 0.495370 0.036458 0.088889
0 0.574740 0.503704 0.028646 0.118519
0 0.657292 0.452778 0.161458 0.337037
0 0.513542 0.519444 0.032292 0.061111
0 0.446615 0.519444 0.016146 0.040741
