0 0.022135 0.397685 0.044271 0.132407
0 0.224740 0.431944 0.064062 0.067593
0 0.264844 0.425463 0.057813 0.039815
0 0.316146 0.447222 0.035417 0.033333
0 0.359115 0.437037 0.044271 0.051852
0 0.275781 0.537500 0.150521 0.191667
0 0.428385 0.476852 0.056771 0.094444
0 0.507552 0.491667 0.058854 0.075926
0 0.514323 0.438889 0.039062 0.075926
0 0.558333 0.445370 0.014583 0.042593
0 0.588542 0.452778 0.054167 0.109259
0 0.653646 0.481944 0.070833 0.119444
0 0.887760 0.528241 0.223438 0.376852
0 0.911198 0.359722 0.176563 0.271296
