0 0.019792 0.709259 0.039583 0.338889
0 0.059375 0.520370 0.118750 0.170370
0 0.134896 0.467130 0.092708 0.128704
0 0.250781 0.462963 0.048438 0.066667
0 0.310677 0.407407 0.031771 0.040741
0 0.343229 0.462500 0.037500 0.058333
0 0.387760 0.475000 0.068229 0.098148
0 0.408594 0.441667 0.027604 0.046296
0 0.439063 0.454167 0.036458 0.047222
0 0.429948 0.419907 0.030729 0.043519
0 0.461458 0.445370 0.025000 0.042593
0 0.473698 0.436111 0.014063 0.024074
0 0.500260 0.439352 0.058854 0.028704
0 0.508594 0.517130 0.110937 0.147222
0 0.541927 0.416667 0.015104 0.031481
