0 0.012109 0.213889 0.024219 0.088889
0 0.203125 0.334722 0.037500 0.055556
0 0.189453 0.349306 0.025781 0.048611
0 0.160938 0.350694 0.046875 0.062500
0 0.069531 0.366667 0.025000 0.066667
0 0.112109 0.386111 0.092969 0.133333
0 0.010156 0.388889 0.020313 0.111111
0 0.329688 0.304861 0.082812 0.159722
0 0.301953 0.364583 0.042969 0.079167
0 0.255078 0.375694 0.085156 0.115278
0 0.206641 0.475694 0.163281 0.201389
0 0.087500 0.712500 0.175000 0.472222
0 0.395313 0.370139 0.067187 0.090278
0 0.413672 0.340278 0.053906 0.075000
0 0.439063 0.332639 0.020313 0.040278
0 0.499219 0.336111 0.062500 0.066667
0 0.476953 0.372917 0.103906 0.115278
0 0.468359 0.459722 0.132031 0.177778
