0 0.403646 0.495370 0.237500 0.414815
0 0.538021 0.543056 0.038542 0.087963
0 0.092969 0.554630 0.040104 0.050000
0 0.026823 0.560648 0.052604 0.060185
0 0.155469 0.548611 0.042188 0.049074
0 0.180990 0.532870 0.029687 0.063889
0 0.205208 0.532407 0.018750 0.035185
0 0.234896 0.538889 0.036458 0.048148
0 0.266406 0.537037 0.021354 0.040741
0 0.514062 0.474074 0.033333 0.044444
0 0.668229 0.508333 0.087500 0.053704
0 0.628906 0.521759 0.020313 0.028704
0 0.736198 0.532407 0.057813 0.075926
0 0.698177 0.515741 0.031771 0.048148
0 0.659115 0.520370 0.022396 0.027778
0 0.593490 0.522685 0.019271 0.025000
0 0.557813 0.525000 0.015625 0.024074
0 0.609115 0.517130 0.024479 0.034259
0 0.588281 0.514352 0.018229 0.041667
0 0.039844 0.541204 0.032813 0.039815
