0 0.354167 0.495833 0.027083 0.023148
0 0.167708 0.485648 0.075000 0.049074
0 0.413281 0.523611 0.051562 0.071296
0 0.541927 0.495370 0.016146 0.024074
0 0.493490 0.587037 0.143229 0.201852
0 0.550521 0.518519 0.018750 0.033333
0 0.568490 0.525926 0.034896 0.055556
0 0.589323 0.482407 0.036979 0.044444
0 0.603125 0.532870 0.055208 0.089815
0 0.620833 0.463426 0.037500 0.078704
0 0.663542 0.562500 0.116667 0.139815
0 0.697917 0.466667 0.138542 0.224074
0 0.770052 0.533796 0.033854 0.065741
0 0.820833 0.543056 0.109375 0.128704
0 0.950000 0.442130 0.098958 0.071296
0 0.892708 0.672685 0.213542 0.419444
