0 0.056250 0.393056 0.056250 0.063889
0 0.248828 0.422222 0.044531 0.050000
0 0.255859 0.429167 0.044531 0.047222
0 0.317188 0.420139 0.034375 0.037500
0 0.158984 0.492361 0.092969 0.081944
0 0.389062 0.452778 0.057813 0.091667
0 0.348828 0.497917 0.100781 0.151389
0 0.190625 0.625694 0.210938 0.265278
0 0.494141 0.362500 0.061719 0.080556
0 0.475391 0.511111 0.158594 0.233333
0 0.441406 0.773611 0.304688 0.450000
0 0.568750 0.443750 0.035937 0.073611
0 0.610938 0.453472 0.067187 0.137500
0 0.700391 0.431250 0.113281 0.115278
0 0.716016 0.531250 0.172656 0.262500
0 0.891016 0.698611 0.216406 0.369444
