0 0.214453 0.532639 0.024219 0.059722
0 0.239063 0.536111 0.053125 0.069444
0 0.295703 0.522917 0.038281 0.070833
0 0.310937 0.528472 0.037500 0.070833
0 0.319531 0.538194 0.026562 0.081944
0 0.352734 0.545139 0.066406 0.118056
0 0.369922 0.572917 0.105469 0.143056
0 0.394531 0.453472 0.084375 0.126389
0 0.427344 0.532639 0.031250 0.065278
0 0.450000 0.538889 0.043750 0.086111
0 0.499219 0.540972 0.084375 0.123611
0 0.525000 0.563194 0.075000 0.129167
0 0.586328 0.581944 0.124219 0.161111
0 0.967969 0.658333 0.062500 0.250000
