0 0.086458 0.456019 0.060417 0.056481
0 0.115885 0.514815 0.093229 0.116667
0 0.208073 0.443519 0.049479 0.062963
0 0.272396 0.442130 0.025000 0.050926
0 0.330990 0.456019 0.093229 0.165741
0 0.365104 0.519907 0.098958 0.143519
0 0.490885 0.530093 0.122396 0.187963
0 0.795833 0.467130 0.040625 0.034259
0 0.874740 0.429630 0.089063 0.096296
0 0.953385 0.406944 0.092188 0.150926
0 0.450521 0.455556 0.047917 0.096296
0 0.506250 0.415278 0.033333 0.039815
0 0.506510 0.418056 0.026562 0.032407
0 0.411719 0.462963 0.020313 0.042593
0 0.550260 0.444907 0.015104 0.030556
0 0.475521 0.420370 0.020833 0.029630
0 0.273438 0.459259 0.022917 0.024074
