0 0.061198 0.586574 0.122396 0.156481
0 0.132031 0.500926 0.026562 0.048148
0 0.125260 0.501852 0.058854 0.051852
0 0.192448 0.511111 0.045312 0.031481
0 0.269271 0.643056 0.268750 0.299074
0 0.374479 0.538889 0.056250 0.096296
0 0.406771 0.538426 0.016667 0.034259
0 0.435156 0.534259 0.015104 0.022222
0 0.469792 0.523148 0.017708 0.042593
0 0.488542 0.537037 0.023958 0.031481
0 0.511979 0.517593 0.012500 0.029630
0 0.558594 0.525463 0.024479 0.060185
0 0.605729 0.548611 0.065625 0.073148
0 0.621875 0.509259 0.042708 0.103704
0 0.654167 0.530093 0.020833 0.036111
0 0.675781 0.537037 0.034896 0.059259
0 0.696875 0.542130 0.039583 0.062037
0 0.718490 0.549074 0.022396 0.079630
0 0.736719 0.556019 0.043229 0.100926
0 0.759635 0.536111 0.058854 0.087037
0 0.859635 0.692593 0.279687 0.470370
0 0.987500 0.399537 0.023958 0.134259
