0 0.627865 0.520833 0.042188 0.189815
0 0.767969 0.471296 0.268229 0.483333
0 0.591406 0.549537 0.021354 0.036111
0 0.564844 0.518981 0.033854 0.039815
0 0.571094 0.547685 0.023438 0.043519
0 0.559635 0.552778 0.033854 0.044444
0 0.533333 0.549537 0.018750 0.036111
0 0.516667 0.544907 0.028125 0.050926
0 0.460156 0.505093 0.045312 0.084259
0 0.448958 0.557407 0.035417 0.048148
0 0.423438 0.557870 0.017708 0.028704
0 0.376823 0.536574 0.040104 0.037963
0 0.412240 0.557870 0.011979 0.032407
0 0.294531 0.570833 0.042188 0.054630
0 0.211458 0.569907 0.056250 0.089815
0 0.488021 0.556019 0.047917 0.069444
