0 0.074479 0.658333 0.148958 0.359259
0 0.077604 0.503241 0.028125 0.034259
0 0.224740 0.585648 0.148438 0.208333
0 0.323437 0.577778 0.092708 0.140741
0 0.369010 0.546296 0.046354 0.072222
0 0.371354 0.531019 0.044792 0.058333
0 0.392969 0.534259 0.017188 0.050000
0 0.336979 0.497222 0.021875 0.024074
0 0.314583 0.494907 0.018750 0.025000
0 0.393229 0.497222 0.026042 0.024074
0 0.489583 0.649074 0.231250 0.331481
0 0.594531 0.527778 0.054688 0.070370
0 0.639323 0.566667 0.090104 0.112963
0 0.840104 0.398611 0.318750 0.797222
0 0.273958 0.506944 0.014583 0.034259
0 0.500521 0.474537 0.106250 0.028704
