0 0.021875 0.391667 0.043750 0.094444
1 0.101302 0.391667 0.010937 0.064815
1 0.113021 0.391667 0.011458 0.072222
1 0.391667 0.380556 0.056250 0.062963
1 0.448177 0.381944 0.049479 0.062037
1 0.507292 0.383796 0.058333 0.067593
1 0.573438 0.369907 0.012500 0.084259
1 0.669271 0.382870 0.013542 0.102778
1 0.680469 0.387037 0.008854 0.087037
1 0.725781 0.402778 0.019271 0.066667
1 0.771615 0.398611 0.016146 0.099074
1 0.806510 0.407407 0.010937 0.085185
0 0.865365 0.417593 0.021354 0.048148
0 0.935937 0.426389 0.077083 0.113889
1 0.049219 0.402315 0.008854 0.060185
1 0.069531 0.399537 0.010937 0.067593
0 0.977344 0.466667 0.025521 0.031481
