0 0.715625 0.510648 0.087500 0.049074
0 0.686458 0.552778 0.118750 0.088889
0 0.657031 0.579167 0.058854 0.130556
0 0.784635 0.562037 0.038021 0.072222
0 0.859635 0.563889 0.043229 0.092593
1 0.833073 0.575463 0.020313 0.069444
0 0.380469 0.490741 0.017188 0.037037
0 0.375000 0.516667 0.019792 0.035185
0 0.404687 0.478241 0.035417 0.043519
0 0.270313 0.500000 0.032292 0.064815
0 0.315365 0.550926 0.088021 0.127778
0 0.189583 0.575463 0.181250 0.269444
0 0.077604 0.539352 0.058333 0.089815
0 0.028646 0.515741 0.043750 0.070370
0 0.052083 0.700463 0.104167 0.449074
0 0.429427 0.552778 0.110937 0.162963
