0 0.058594 0.445833 0.117188 0.065741
0 0.303125 0.401389 0.118750 0.147222
0 0.428125 0.459259 0.034375 0.025926
0 0.496875 0.453704 0.018750 0.029630
0 0.563281 0.573148 0.186979 0.257407
0 0.634896 0.490278 0.042708 0.087963
0 0.606250 0.408796 0.013542 0.023148
0 0.599740 0.402315 0.013021 0.026852
0 0.617969 0.401389 0.013021 0.025000
0 0.619531 0.432407 0.021354 0.029630
0 0.664323 0.456944 0.057813 0.106481
0 0.786979 0.452315 0.137500 0.215741
0 0.407552 0.466667 0.051562 0.025926
0 0.462760 0.463426 0.025521 0.021296
