0 0.111198 0.579630 0.222396 0.548148
0 0.227344 0.515278 0.075521 0.150926
0 0.282813 0.494907 0.056250 0.076852
0 0.338802 0.496759 0.057813 0.095370
0 0.391667 0.517593 0.086458 0.111111
0 0.411458 0.453704 0.046875 0.024074
0 0.426563 0.486574 0.021875 0.041667
0 0.478906 0.488889 0.042188 0.070370
0 0.527865 0.516667 0.081771 0.107407
0 0.567448 0.485185 0.041146 0.072222
0 0.583073 0.477778 0.027604 0.062963
0 0.603125 0.479630 0.018750 0.035185
0 0.619271 0.476852 0.019792 0.027778
0 0.634635 0.472685 0.019271 0.030556
