0 0.022396 0.445370 0.044792 0.109259
0 0.093490 0.433796 0.128646 0.126852
0 0.141927 0.474537 0.103646 0.047222
0 0.178906 0.459259 0.042188 0.072222
0 0.266667 0.470370 0.036458 0.037037
0 0.301042 0.456019 0.017708 0.028704
0 0.428646 0.492593 0.050000 0.070370
0 0.513021 0.543519 0.105208 0.140741
0 0.499219 0.439352 0.039062 0.067593
0 0.611979 0.507407 0.065625 0.090741
0 0.560677 0.449537 0.047396 0.071296
0 0.566927 0.489352 0.036979 0.050926
0 0.843750 0.450000 0.178125 0.307407
0 0.445573 0.475463 0.028646 0.049074
0 0.463021 0.463889 0.019792 0.027778
0 0.351562 0.466204 0.023958 0.023148
0 0.528906 0.453241 0.016146 0.026852
0 0.396615 0.435648 0.015104 0.036111
0 0.523177 0.431019 0.016146 0.030556
0 0.471615 0.456481 0.015104 0.024074
0 0.330729 0.546296 0.113542 0.146296
