0 0.164583 0.457407 0.062500 0.075926
0 0.270313 0.561574 0.151042 0.210185
0 0.420833 0.503241 0.044792 0.075000
0 0.559375 0.484722 0.047917 0.093519
0 0.538802 0.470833 0.018229 0.056481
0 0.444792 0.483796 0.016667 0.030556
0 0.344531 0.448148 0.045312 0.048148
0 0.889323 0.571296 0.220312 0.451852
0 0.640365 0.465278 0.138021 0.247222
0 0.570052 0.511574 0.026562 0.075000
0 0.362500 0.535648 0.084375 0.134259
0 0.401042 0.525926 0.023958 0.088889
0 0.490365 0.548611 0.120313 0.176852
0 0.530208 0.456481 0.012500 0.027778
