0 0.185417 0.580093 0.218750 0.295370
0 0.297656 0.485648 0.026562 0.037963
0 0.010156 0.444444 0.020313 0.090741
0 0.358073 0.480556 0.042188 0.046296
0 0.417708 0.530093 0.056250 0.075000
0 0.491146 0.552315 0.102083 0.136111
0 0.508854 0.462500 0.040625 0.041667
0 0.544792 0.509259 0.014583 0.029630
0 0.579427 0.487963 0.065104 0.127778
0 0.665365 0.493056 0.102604 0.225000
0 0.795052 0.465278 0.156771 0.269444
0 0.908333 0.442593 0.182292 0.885185
0 0.408854 0.485185 0.023958 0.024074
0 0.015625 0.500463 0.030208 0.023148
