0 0.352344 0.473148 0.032813 0.072222
0 0.280729 0.503704 0.015625 0.044444
0 0.388542 0.489815 0.023958 0.059259
0 0.393229 0.502315 0.014583 0.049074
0 0.445573 0.524537 0.095312 0.232407
0 0.545573 0.410648 0.070312 0.034259
0 0.327865 0.519907 0.089063 0.125000
0 0.252344 0.511111 0.057813 0.079630
0 0.036979 0.460648 0.038542 0.045370
0 0.165625 0.466667 0.021875 0.025926
0 0.202344 0.468981 0.017188 0.026852
0 0.111458 0.598148 0.222917 0.279630
0 0.496615 0.454167 0.026562 0.095370
0 0.580990 0.596296 0.247396 0.359259
