0 0.919531 0.445370 0.076563 0.072222
0 0.959375 0.473611 0.080208 0.097222
1 0.527604 0.364352 0.032292 0.039815
1 0.528385 0.353241 0.015104 0.060185
1 0.465625 0.349074 0.012500 0.064815
1 0.444531 0.345833 0.013021 0.065741
1 0.422396 0.353241 0.016667 0.091667
0 0.389062 0.356019 0.056250 0.058333
1 0.277604 0.359722 0.014583 0.071296
0 0.244792 0.338889 0.025000 0.046296
0 0.187240 0.364815 0.092188 0.085185
0 0.123698 0.378241 0.056771 0.062037
1 0.432552 0.343519 0.009896 0.062963
0 0.068229 0.391667 0.014583 0.027778
1 0.069792 0.385185 0.007292 0.035185
