0 0.283594 0.440972 0.060937 0.059722
0 0.220312 0.429861 0.053125 0.043056
0 0.277344 0.452778 0.034375 0.038889
0 0.153516 0.456250 0.046094 0.054167
0 0.037500 0.472222 0.075000 0.047222
0 0.253516 0.508333 0.085156 0.108333
0 0.258203 0.525694 0.063281 0.076389
0 0.082031 0.529167 0.164062 0.119444
0 0.015234 0.529167 0.030469 0.075000
0 0.389844 0.768056 0.779687 0.461111
0 0.480469 0.661111 0.439063 0.433333
0 0.473828 0.413194 0.069531 0.068056
0 0.557813 0.420139 0.045312 0.084722
0 0.589063 0.416667 0.023438 0.047222
0 0.633984 0.479861 0.049219 0.073611
0 0.705078 0.471528 0.036719 0.062500
0 0.737500 0.481250 0.057813 0.079167
0 0.805078 0.511111 0.094531 0.127778
0 0.900000 0.700000 0.198437 0.525000
0 0.244922 0.450000 0.035156 0.041667
