0 0.046875 0.452315 0.093750 0.106481
0 0.164583 0.470833 0.089583 0.065741
0 0.269531 0.459259 0.049479 0.075926
0 0.329688 0.458333 0.039583 0.059259
0 0.315104 0.453704 0.036458 0.070370
0 0.350000 0.438426 0.022917 0.041667
0 0.359375 0.462963 0.019792 0.025926
0 0.391146 0.441204 0.021875 0.041667
0 0.375521 0.503704 0.036458 0.048148
0 0.418750 0.481019 0.022917 0.036111
0 0.444271 0.467130 0.028125 0.089815
0 0.505729 0.500463 0.135417 0.354630
0 0.526302 0.400463 0.023438 0.052778
0 0.813281 0.562500 0.227604 0.330556
