0 0.193490 0.467593 0.080729 0.068519
0 0.218750 0.533333 0.090625 0.120370
0 0.315365 0.543981 0.111979 0.158333
0 0.370052 0.508796 0.036979 0.060185
0 0.410417 0.526389 0.054167 0.071296
0 0.435417 0.502315 0.025000 0.037963
0 0.464323 0.468981 0.027604 0.065741
0 0.498177 0.516204 0.055729 0.102778
0 0.501302 0.454630 0.016146 0.024074
0 0.520833 0.443056 0.014583 0.032407
0 0.544271 0.448148 0.013542 0.029630
0 0.538281 0.482407 0.022396 0.044444
0 0.561719 0.501389 0.035937 0.056481
0 0.603646 0.498148 0.033333 0.055556
0 0.746354 0.579167 0.162500 0.199074
