0 0.011458 0.418981 0.022917 0.095370
0 0.154167 0.516204 0.114583 0.130556
0 0.180469 0.441667 0.054688 0.044444
0 0.343490 0.513889 0.102604 0.133333
0 0.419792 0.483796 0.047917 0.063889
0 0.462760 0.473148 0.028646 0.042593
0 0.504948 0.486574 0.048438 0.069444
0 0.549740 0.471296 0.021354 0.044444
0 0.574219 0.473148 0.041146 0.062963
0 0.535417 0.460648 0.016667 0.021296
0 0.530729 0.445370 0.019792 0.042593
0 0.441406 0.469907 0.014063 0.026852
0 0.406771 0.429630 0.014583 0.024074
0 0.387240 0.439815 0.013021 0.024074
