0 0.019531 0.477315 0.039062 0.032407
0 0.155208 0.488426 0.038542 0.028704
0 0.238542 0.468519 0.035417 0.064815
0 0.265625 0.575926 0.129167 0.164815
0 0.338802 0.517593 0.036979 0.053704
0 0.366146 0.503241 0.025000 0.047222
0 0.405729 0.487037 0.055208 0.125926
0 0.454948 0.482407 0.018229 0.038889
0 0.474219 0.546759 0.078646 0.119444
0 0.507292 0.487963 0.037500 0.088889
0 0.554427 0.510648 0.014063 0.052778
0 0.588542 0.526852 0.066667 0.116667
0 0.727344 0.472685 0.121354 0.232407
0 0.816927 0.614815 0.221354 0.262963
0 0.889583 0.520833 0.138542 0.250926
0 0.095052 0.559722 0.129688 0.169444
