0 0.279297 0.434722 0.060156 0.047222
0 0.214453 0.429167 0.053906 0.041667
0 0.244531 0.456250 0.043750 0.059722
0 0.214844 0.456250 0.026562 0.040278
0 0.148047 0.456250 0.046094 0.054167
0 0.035547 0.482639 0.069531 0.065278
0 0.111719 0.525000 0.101562 0.133333
0 0.008203 0.590972 0.016406 0.040278
0 0.419141 0.791667 0.838281 0.413889
0 0.469922 0.634028 0.489844 0.379167
0 0.231641 0.536806 0.053906 0.104167
0 0.399609 0.406944 0.080469 0.094444
0 0.464453 0.425000 0.052344 0.041667
0 0.500000 0.406250 0.059375 0.084722
0 0.546484 0.413194 0.036719 0.043056
0 0.647266 0.492361 0.052344 0.081944
0 0.825781 0.479167 0.346875 0.958333
