0 0.030469 0.468750 0.020313 0.034722
0 0.022656 0.506250 0.040625 0.037500
0 0.276953 0.538889 0.033594 0.108333
0 0.273828 0.554861 0.024219 0.109722
0 0.232813 0.550000 0.081250 0.152778
0 0.235937 0.588889 0.067187 0.150000
0 0.232813 0.616667 0.053125 0.172222
0 0.142187 0.646528 0.200000 0.306944
0 0.071094 0.760417 0.142187 0.465278
0 0.300391 0.502083 0.035156 0.056944
0 0.309766 0.517361 0.027344 0.065278
0 0.325000 0.518750 0.026562 0.087500
0 0.362500 0.521528 0.068750 0.115278
0 0.390234 0.545139 0.089844 0.123611
0 0.463281 0.590278 0.296875 0.138889
0 0.425391 0.819444 0.533594 0.358333
0 0.492188 0.420139 0.118750 0.201389
0 0.582812 0.477083 0.100000 0.070833
0 0.549609 0.529861 0.071094 0.065278
0 0.621484 0.579861 0.111719 0.151389
0 0.664844 0.629861 0.059375 0.212500
0 0.773438 0.647222 0.235937 0.333333
0 0.880859 0.741667 0.236719 0.388889
0 0.944531 0.811806 0.109375 0.373611
0 0.669922 0.501389 0.094531 0.052778
0 0.942187 0.517361 0.114062 0.076389
0 0.957422 0.456944 0.057031 0.044444
0 0.402344 0.545833 0.112500 0.091667
