0 0.100521 0.468056 0.086458 0.110185
0 0.214062 0.492593 0.206250 0.274074
0 0.315365 0.472685 0.027604 0.104630
0 0.309635 0.402778 0.027604 0.024074
0 0.381510 0.443519 0.031771 0.070370
0 0.446354 0.402315 0.102083 0.167593
0 0.459375 0.466667 0.084375 0.114815
0 0.521354 0.461111 0.053125 0.070370
0 0.557813 0.434259 0.015625 0.044444
0 0.584635 0.443056 0.048438 0.073148
0 0.643490 0.434722 0.017188 0.036111
0 0.665104 0.451389 0.046875 0.065741
0 0.726042 0.442130 0.027083 0.041667
0 0.780208 0.425000 0.020833 0.024074
