0 0.137760 0.679630 0.275521 0.551852
0 0.277865 0.465741 0.065104 0.035185
0 0.301042 0.589352 0.147917 0.213889
0 0.399740 0.543981 0.107813 0.204630
0 0.458073 0.514352 0.073438 0.165741
0 0.501302 0.492593 0.020313 0.116667
0 0.514844 0.494444 0.013021 0.081481
0 0.540104 0.484259 0.034375 0.072222
0 0.530990 0.526389 0.013021 0.047222
0 0.548438 0.532407 0.042708 0.064815
0 0.570573 0.539815 0.026562 0.081481
0 0.593750 0.544907 0.053125 0.095370
0 0.678906 0.573611 0.166146 0.226852
0 0.886719 0.637963 0.225521 0.362963
