0 0.055208 0.419444 0.110417 0.112963
0 0.160156 0.448148 0.071354 0.057407
0 0.246615 0.450463 0.049479 0.050926
0 0.303906 0.451389 0.036979 0.047222
0 0.336719 0.450000 0.011979 0.037037
0 0.376823 0.495370 0.082812 0.135185
0 0.414062 0.445370 0.017708 0.033333
0 0.467448 0.464352 0.014063 0.023148
0 0.480729 0.499537 0.034375 0.071296
0 0.492188 0.438889 0.036458 0.053704
0 0.534896 0.495833 0.084375 0.154630
0 0.573438 0.465278 0.043750 0.106481
0 0.647917 0.455093 0.027083 0.160185
0 0.759896 0.415741 0.238542 0.450000
0 0.931510 0.511574 0.135937 0.230556
