0 0.080469 0.436574 0.160938 0.591667
0 0.228906 0.611574 0.163021 0.195370
0 0.178646 0.522222 0.031250 0.031481
0 0.385156 0.558796 0.065104 0.093519
0 0.415104 0.510648 0.033333 0.028704
0 0.437240 0.513426 0.013021 0.023148
0 0.454427 0.537963 0.025521 0.033333
0 0.498698 0.564352 0.075521 0.110185
0 0.544010 0.510648 0.031771 0.076852
0 0.548177 0.524074 0.013021 0.068519
0 0.569271 0.528241 0.037500 0.078704
0 0.605990 0.556944 0.059896 0.076852
0 0.739844 0.599537 0.136979 0.167593
0 0.918490 0.498148 0.093229 0.075926
