0 0.008854 0.554167 0.017708 0.178704
0 0.186458 0.495833 0.078125 0.099074
0 0.212500 0.437037 0.027083 0.048148
0 0.244271 0.472685 0.042708 0.060185
0 0.286979 0.425463 0.026042 0.043519
0 0.039844 0.413426 0.018229 0.036111
0 0.339583 0.469444 0.046875 0.072222
0 0.365885 0.456019 0.021354 0.037963
0 0.244271 0.473148 0.041667 0.061111
0 0.278906 0.522222 0.117188 0.150000
0 0.550521 0.466204 0.015625 0.052778
0 0.636979 0.478704 0.064583 0.077778
0 0.466406 0.502778 0.163021 0.277778
0 0.914583 0.534259 0.165625 0.179630
