1 0.947135 0.447222 0.016146 0.038889
1 0.347396 0.502778 0.003125 0.025926
1 0.351042 0.502778 0.006250 0.024074
1 0.297917 0.503704 0.006250 0.029630
0 0.040365 0.560648 0.080729 0.263889
0 0.150260 0.550000 0.142187 0.177778
0 0.265365 0.523611 0.068229 0.097222
0 0.311458 0.507407 0.020833 0.024074
0 0.406771 0.479630 0.021875 0.031481
0 0.442188 0.519907 0.088542 0.113889
0 0.519531 0.493056 0.034896 0.052778
0 0.540104 0.471296 0.031250 0.062963
0 0.565625 0.485185 0.013542 0.022222
0 0.579427 0.484722 0.018229 0.025000
0 0.613542 0.461574 0.042708 0.091667
0 0.655729 0.452778 0.042708 0.031481
0 0.642969 0.480556 0.016146 0.037037
0 0.663021 0.507870 0.057292 0.080556
0 0.689844 0.477778 0.033854 0.033333
0 0.702604 0.523611 0.040625 0.132407
0 0.780729 0.565741 0.190625 0.242593
0 0.878385 0.478241 0.076563 0.113889
1 0.533854 0.268056 0.005208 0.037963
1 0.235677 0.295833 0.007812 0.032407
