0 0.023047 0.609722 0.046094 0.158333
0 0.029687 0.541667 0.059375 0.061111
0 0.125000 0.704167 0.250000 0.336111
0 0.783594 0.520139 0.089063 0.140278
0 0.723828 0.465972 0.060156 0.043056
0 0.701562 0.452778 0.042188 0.066667
0 0.674219 0.450694 0.021875 0.043056
0 0.693359 0.404167 0.041406 0.055556
0 0.662500 0.411806 0.025000 0.051389
0 0.631250 0.453472 0.037500 0.054167
0 0.643750 0.436806 0.023438 0.037500
0 0.985547 0.782639 0.027344 0.301389
0 0.563672 0.455556 0.032031 0.050000
0 0.561719 0.469444 0.032813 0.055556
0 0.545312 0.483333 0.035937 0.075000
0 0.514844 0.494444 0.051562 0.097222
0 0.460547 0.509722 0.075781 0.122222
0 0.409375 0.475000 0.045312 0.038889
0 0.348047 0.511806 0.058594 0.076389
0 0.380078 0.562500 0.124219 0.166667
0 0.694531 0.601389 0.189062 0.233333
0 0.878516 0.445139 0.119531 0.218056
0 0.225000 0.540972 0.140625 0.193056
0 0.275781 0.494444 0.023438 0.044444
0 0.761719 0.429167 0.042188 0.047222
