0 0.123177 0.527315 0.064062 0.041667
0 0.206771 0.537500 0.044792 0.030556
0 0.268490 0.543981 0.027604 0.023148
0 0.279167 0.533796 0.036458 0.045370
0 0.368229 0.536574 0.014583 0.034259
0 0.363802 0.522222 0.023438 0.046296
0 0.422917 0.506019 0.017708 0.032407
0 0.482812 0.494444 0.013542 0.024074
0 0.513021 0.503704 0.014583 0.025926
0 0.495312 0.509259 0.015625 0.029630
0 0.511198 0.531019 0.014063 0.026852
0 0.608333 0.514352 0.014583 0.028704
0 0.411198 0.553241 0.019271 0.026852
0 0.392708 0.571759 0.035417 0.047222
0 0.452604 0.564815 0.032292 0.059259
0 0.432552 0.542593 0.014063 0.020370
