0 0.129167 0.490278 0.064583 0.052778
0 0.187240 0.493056 0.048438 0.043519
0 0.342187 0.545370 0.092708 0.148148
0 0.379948 0.450463 0.015104 0.034259
0 0.450000 0.501852 0.022917 0.033333
0 0.496875 0.524074 0.046875 0.066667
0 0.526302 0.480093 0.025521 0.050926
0 0.601823 0.511574 0.030729 0.037963
0 0.615104 0.483333 0.038542 0.066667
0 0.798177 0.506019 0.216146 0.425000
0 0.977865 0.562963 0.043229 0.135185
0 0.566927 0.500000 0.022396 0.029630
0 0.551562 0.481944 0.016667 0.023148
0 0.493750 0.453241 0.014583 0.034259
0 0.530990 0.446759 0.014063 0.025000
0 0.510156 0.446296 0.013021 0.029630
