1 0.576042 0.542130 0.011458 0.056481
1 0.679167 0.535648 0.016667 0.087963
0 0.715625 0.535185 0.059375 0.057407
0 0.720833 0.536111 0.047917 0.055556
0 0.728646 0.537037 0.028125 0.057407
0 0.753385 0.535648 0.044271 0.060185
0 0.757552 0.536574 0.033854 0.054630
0 0.785937 0.533796 0.037500 0.062037
0 0.935417 0.525463 0.026042 0.050926
0 0.971615 0.523611 0.055729 0.069444
0 0.867708 0.544907 0.142708 0.132407
0 0.357292 0.543981 0.070833 0.071296
0 0.408594 0.549537 0.064062 0.091667
0 0.452344 0.563426 0.064062 0.154630
0 0.512760 0.587500 0.138021 0.210185
0 0.280729 0.557407 0.094792 0.161111
0 0.236979 0.597685 0.177083 0.239815
0 0.095833 0.661574 0.191667 0.415741
