0 0.179167 0.415741 0.356250 0.607407
0 0.423177 0.641204 0.247396 0.325000
0 0.412500 0.427778 0.120833 0.122222
0 0.488021 0.466667 0.053125 0.090741
0 0.538021 0.532870 0.068750 0.112037
0 0.599219 0.527315 0.045312 0.058333
0 0.592708 0.480556 0.031250 0.033333
0 0.634896 0.516204 0.035417 0.058333
0 0.625521 0.474074 0.034375 0.038889
0 0.667969 0.501852 0.020313 0.027778
0 0.672656 0.482870 0.026562 0.049074
0 0.700521 0.481481 0.031250 0.066667
0 0.724740 0.493981 0.013021 0.025000
0 0.866927 0.474537 0.265104 0.878704
0 0.653385 0.497222 0.013021 0.024074
0 0.695833 0.493056 0.017708 0.023148
0 0.695312 0.465741 0.018750 0.024074
