0 0.638281 0.523148 0.066146 0.214815
0 0.826302 0.465741 0.346354 0.600000
0 0.581510 0.560648 0.021354 0.028704
0 0.557031 0.527315 0.030729 0.037963
0 0.560937 0.553241 0.021875 0.043519
0 0.551562 0.556944 0.034375 0.043519
0 0.525000 0.560185 0.020833 0.029630
0 0.508594 0.550926 0.025521 0.050000
0 0.482292 0.558333 0.046875 0.068519
0 0.440104 0.522685 0.054167 0.128704
0 0.429167 0.564352 0.041667 0.054630
0 0.390104 0.561574 0.022917 0.037963
0 0.336719 0.572222 0.035937 0.046296
0 0.336979 0.538426 0.047917 0.049074
0 0.245833 0.566204 0.026042 0.045370
0 0.220573 0.581019 0.057813 0.073148
0 0.083333 0.585648 0.082292 0.123148
