0 0.154688 0.492130 0.045833 0.041667
0 0.297396 0.493056 0.023958 0.025000
0 0.353125 0.490278 0.019792 0.021296
0 0.226823 0.569907 0.153646 0.210185
0 0.354427 0.547222 0.071354 0.094444
0 0.392188 0.537963 0.035417 0.072222
0 0.419010 0.528704 0.033854 0.050000
0 0.417187 0.485185 0.030208 0.040741
0 0.436719 0.483796 0.015104 0.032407
0 0.437760 0.516204 0.018229 0.030556
0 0.490625 0.560185 0.118750 0.183333
0 0.533594 0.482407 0.030729 0.057407
0 0.570052 0.516667 0.043229 0.090741
0 0.591406 0.540741 0.056771 0.085185
0 0.651563 0.559259 0.101042 0.131481
0 0.543750 0.512037 0.013542 0.053704
