1 0.889062 0.443519 0.008333 0.046296
1 0.826823 0.454630 0.007812 0.025926
1 0.779687 0.454167 0.009375 0.023148
1 0.025000 0.528704 0.012500 0.035185
1 0.042448 0.539815 0.008854 0.057407
1 0.065625 0.533796 0.006250 0.043519
1 0.168750 0.518519 0.010417 0.029630
1 0.176823 0.518056 0.006771 0.034259
0 0.976823 0.517130 0.045312 0.210185
0 0.709115 0.540278 0.163021 0.206481
0 0.632552 0.482870 0.041146 0.071296
0 0.657813 0.447222 0.090625 0.094444
0 0.576562 0.488426 0.052083 0.073148
0 0.555208 0.455556 0.047917 0.118519
0 0.509375 0.486111 0.020833 0.027778
0 0.458073 0.470833 0.044271 0.086111
0 0.452083 0.495833 0.017708 0.047222
0 0.430208 0.500926 0.043750 0.057407
0 0.404167 0.487500 0.015625 0.032407
0 0.341146 0.505093 0.048958 0.073148
0 0.268750 0.553241 0.137500 0.186111
0 0.130990 0.537963 0.069271 0.090741
0 0.095052 0.540741 0.014063 0.033333
0 0.019531 0.533796 0.039062 0.026852
