0 0.042708 0.447222 0.085417 0.129630
0 0.102865 0.476389 0.040104 0.071296
0 0.153646 0.492130 0.058333 0.037963
0 0.264323 0.496759 0.043229 0.039815
0 0.203906 0.591667 0.168229 0.207407
0 0.389062 0.540741 0.064583 0.092593
0 0.455990 0.528241 0.025521 0.045370
0 0.505469 0.545833 0.069271 0.100926
0 0.579948 0.510185 0.021354 0.051852
0 0.598698 0.532407 0.027604 0.035185
0 0.676562 0.492593 0.087500 0.174074
0 0.857292 0.425926 0.284375 0.827778
0 0.738802 0.531019 0.039062 0.049074
0 0.633854 0.530093 0.013542 0.026852
0 0.542448 0.531481 0.019271 0.031481
