0 0.051953 0.641667 0.103906 0.280556
0 0.150391 0.598611 0.114844 0.144444
0 0.215234 0.570139 0.061719 0.095833
0 0.305859 0.554167 0.044531 0.069444
0 0.358984 0.654861 0.196094 0.254167
0 0.140234 0.480556 0.039844 0.055556
0 0.200391 0.503472 0.039844 0.051389
0 0.207031 0.482639 0.031250 0.045833
0 0.279297 0.483333 0.067969 0.127778
0 0.159375 0.455556 0.031250 0.041667
0 0.106250 0.452083 0.032813 0.040278
0 0.153906 0.409722 0.023438 0.036111
0 0.168359 0.387500 0.022656 0.030556
0 0.182031 0.367361 0.020313 0.031944
0 0.239063 0.401389 0.021875 0.036111
0 0.303906 0.400000 0.023438 0.036111
0 0.259375 0.379167 0.023438 0.033333
