0 0.206510 0.189815 0.061979 0.088889
0 0.256771 0.187500 0.046875 0.065741
0 0.282813 0.186574 0.025000 0.052778
0 0.301563 0.189815 0.016667 0.040741
0 0.320052 0.193981 0.015104 0.041667
0 0.346094 0.173611 0.045312 0.100926
0 0.385677 0.186574 0.076563 0.117593
0 0.438542 0.202778 0.038542 0.057407
0 0.492448 0.222685 0.117188 0.117593
0 0.815365 0.243056 0.175521 0.137963
1 0.644792 0.219444 0.015625 0.070370
0 0.104167 0.185648 0.065625 0.080556
0 0.157552 0.172685 0.019271 0.028704
0 0.175521 0.174537 0.015625 0.034259
0 0.241146 0.146759 0.041667 0.063889
