0 0.085156 0.222685 0.123438 0.245370
0 0.089583 0.119907 0.062500 0.065741
0 0.910937 0.381944 0.177083 0.349074
0 0.740365 0.259722 0.140104 0.197222
0 0.615885 0.267593 0.278646 0.240741
0 0.519010 0.192130 0.025521 0.028704
0 0.441667 0.232407 0.144792 0.161111
0 0.393229 0.175926 0.026042 0.033333
0 0.342969 0.217593 0.094271 0.118519
0 0.285677 0.206019 0.061979 0.091667
0 0.266927 0.197685 0.045312 0.078704
0 0.240365 0.200000 0.028646 0.062963
0 0.217969 0.191667 0.038021 0.057407
0 0.192188 0.193519 0.021875 0.037037
0 0.181250 0.190741 0.020833 0.035185
0 0.158854 0.156481 0.017708 0.035185
