1 0.604167 0.152778 0.021875 0.109259
1 0.638281 0.156481 0.021354 0.109259
1 0.660417 0.163889 0.021875 0.103704
1 0.684896 0.163426 0.023958 0.113889
1 0.699740 0.163889 0.011979 0.066667
1 0.710938 0.167593 0.015625 0.064815
1 0.727865 0.166667 0.023438 0.150000
1 0.746875 0.168981 0.022917 0.147222
1 0.754687 0.168981 0.011458 0.069444
1 0.760417 0.175000 0.006250 0.046296
1 0.765885 0.174537 0.006771 0.047222
1 0.771615 0.175926 0.006771 0.044444
1 0.781771 0.175463 0.007292 0.047222
1 0.788802 0.177315 0.008854 0.047222
0 0.839844 0.185185 0.021354 0.025926
0 0.948698 0.195833 0.029687 0.036111
0 0.988021 0.183333 0.022917 0.062963
