0 0.075260 0.140278 0.033854 0.050926
0 0.110937 0.155556 0.019792 0.033333
0 0.130208 0.168981 0.026042 0.049074
0 0.136979 0.174537 0.034375 0.049074
0 0.184115 0.150926 0.042188 0.075926
0 0.189844 0.181481 0.036979 0.050000
0 0.238021 0.180556 0.027083 0.035185
0 0.256250 0.180093 0.014583 0.026852
0 0.292708 0.180093 0.026042 0.050926
0 0.316927 0.187963 0.023438 0.035185
0 0.387500 0.194907 0.040625 0.062037
0 0.425000 0.201389 0.017708 0.039815
0 0.483073 0.209722 0.117188 0.119444
0 0.550521 0.212963 0.019792 0.029630
0 0.584115 0.219907 0.045312 0.025000
0 0.813021 0.261111 0.230208 0.177778
1 0.623958 0.217130 0.012500 0.058333
1 0.972396 0.256019 0.013542 0.062037
1 0.360938 0.187037 0.005208 0.029630
