0 0.066927 0.177778 0.052604 0.087037
0 0.136979 0.174537 0.025000 0.037963
0 0.176302 0.176852 0.020313 0.025926
0 0.192708 0.172685 0.017708 0.026852
0 0.213281 0.176389 0.020313 0.028704
0 0.237760 0.176852 0.024479 0.040741
0 0.262500 0.178704 0.034375 0.050000
0 0.301042 0.168519 0.051042 0.090741
0 0.331250 0.181944 0.018750 0.049074
0 0.421094 0.193519 0.085938 0.105556
0 0.477344 0.197685 0.055729 0.073148
0 0.684375 0.221759 0.154167 0.123148
0 0.935156 0.252315 0.128646 0.250926
0 0.259115 0.144444 0.018229 0.022222
