0 0.108333 0.200000 0.059375 0.074074
0 0.170313 0.189352 0.019792 0.036111
0 0.153385 0.187963 0.017188 0.027778
0 0.204948 0.202778 0.061979 0.087037
0 0.236458 0.195370 0.015625 0.051852
0 0.247396 0.198611 0.020833 0.075000
0 0.289583 0.174074 0.064583 0.142593
0 0.496094 0.187037 0.109896 0.192593
0 0.729688 0.220833 0.265625 0.278704
0 0.431510 0.222685 0.032813 0.069444
0 0.387240 0.210648 0.028646 0.063889
0 0.362240 0.208333 0.029687 0.075926
0 0.323698 0.209259 0.076563 0.101852
1 0.916927 0.259722 0.024479 0.110185
