0 0.079948 0.218981 0.111979 0.236111
0 0.103125 0.156481 0.063542 0.146296
0 0.169792 0.188426 0.013542 0.034259
0 0.180990 0.189815 0.023438 0.051852
0 0.199479 0.187500 0.029167 0.049074
0 0.217188 0.196759 0.032292 0.052778
0 0.235156 0.199537 0.029687 0.065741
0 0.260156 0.202315 0.050521 0.076852
0 0.297656 0.209722 0.065104 0.091667
0 0.365625 0.214352 0.113542 0.136111
0 0.479687 0.236111 0.172917 0.187037
0 0.750260 0.268056 0.442188 0.408333
0 0.981510 0.303704 0.035937 0.214815
0 0.275000 0.131481 0.075000 0.074074
0 0.632031 0.094907 0.303646 0.189815
