0 0.055208 0.144907 0.058333 0.121296
0 0.208594 0.184722 0.096354 0.050926
0 0.303125 0.169444 0.026042 0.033333
0 0.345052 0.163426 0.024479 0.043519
0 0.336979 0.153241 0.018750 0.050926
0 0.310937 0.156019 0.018750 0.028704
0 0.316406 0.106019 0.013021 0.028704
0 0.304167 0.098611 0.011458 0.023148
0 0.383333 0.134722 0.039583 0.047222
0 0.398958 0.178704 0.080208 0.059259
0 0.430729 0.179167 0.026042 0.039815
0 0.425260 0.159259 0.025521 0.024074
0 0.454688 0.156944 0.018750 0.023148
0 0.461198 0.146296 0.016146 0.027778
0 0.484375 0.159722 0.026042 0.032407
0 0.506250 0.160648 0.019792 0.030556
0 0.525521 0.172222 0.035417 0.046296
0 0.549479 0.171296 0.016667 0.027778
0 0.569792 0.183796 0.048958 0.043519
0 0.802604 0.222222 0.158333 0.153704
0 0.938281 0.234722 0.122396 0.147222
0 0.887500 0.199537 0.028125 0.026852
