1 0.979427 0.226852 0.025521 0.059259
1 0.991146 0.227778 0.016667 0.077778
0 0.899740 0.296296 0.199479 0.177778
0 0.572135 0.210648 0.025521 0.050926
0 0.555729 0.209259 0.022917 0.038889
0 0.533073 0.200926 0.029687 0.044444
0 0.417448 0.189352 0.028646 0.054630
0 0.387500 0.202778 0.025000 0.037037
0 0.373177 0.185185 0.024479 0.048148
0 0.334896 0.194907 0.020833 0.028704
0 0.236719 0.187037 0.022396 0.027778
1 0.180469 0.176852 0.007812 0.046296
1 0.195833 0.178241 0.005208 0.043519
1 0.163802 0.173611 0.008854 0.043519
1 0.149740 0.168519 0.011979 0.062963
1 0.137240 0.168056 0.011979 0.058333
1 0.120573 0.168056 0.010937 0.052778
1 0.110937 0.166667 0.009375 0.055556
1 0.070312 0.162963 0.019792 0.098148
1 0.052344 0.142593 0.018229 0.051852
1 0.035677 0.126852 0.013021 0.040741
1 0.185677 0.180093 0.006771 0.047222
1 0.173958 0.174537 0.004167 0.041667
