0 0.040104 0.119444 0.042708 0.077778
0 0.084896 0.171759 0.072917 0.095370
0 0.182292 0.114352 0.072917 0.154630
0 0.188542 0.168981 0.039583 0.093519
0 0.244531 0.188889 0.108854 0.137037
0 0.292969 0.170833 0.034896 0.075000
0 0.354427 0.172222 0.056771 0.066667
0 0.385677 0.143519 0.043229 0.096296
0 0.417969 0.168519 0.029687 0.040741
1 0.480469 0.171296 0.007812 0.051852
1 0.490885 0.170833 0.008854 0.058333
1 0.508594 0.169444 0.008854 0.059259
1 0.518750 0.171296 0.006250 0.057407
1 0.525000 0.171296 0.006250 0.050000
