0 0.058073 0.130556 0.028646 0.059259
0 0.084375 0.182870 0.071875 0.093519
0 0.176302 0.129630 0.060937 0.135185
0 0.183854 0.174537 0.036458 0.076852
0 0.226302 0.189352 0.084896 0.104630
0 0.289844 0.182407 0.064062 0.075926
0 0.264062 0.157870 0.019792 0.032407
0 0.364063 0.168056 0.033333 0.036111
0 0.510938 0.193519 0.080208 0.081481
0 0.921875 0.237500 0.155208 0.271296
1 0.415625 0.168519 0.007292 0.040741
1 0.436979 0.171759 0.005208 0.045370
1 0.443490 0.168056 0.006771 0.049074
1 0.450000 0.169444 0.006250 0.042593
