0 0.071875 0.185185 0.048958 0.061111
0 0.170573 0.144907 0.016146 0.023148
0 0.176563 0.138426 0.014583 0.023148
0 0.191667 0.094907 0.015625 0.028704
0 0.172917 0.090741 0.016667 0.025926
0 0.243490 0.133333 0.025521 0.029630
0 0.269010 0.150000 0.034896 0.031481
0 0.197135 0.144907 0.019271 0.023148
0 0.200000 0.154630 0.021875 0.033333
0 0.314323 0.142130 0.055729 0.099074
0 0.282292 0.127778 0.027083 0.057407
0 0.388281 0.175000 0.109896 0.083333
0 0.456510 0.160648 0.038021 0.047222
0 0.490104 0.161574 0.031250 0.041667
0 0.508854 0.177315 0.052083 0.056481
0 0.539583 0.171759 0.030208 0.039815
0 0.432031 0.156481 0.016146 0.024074
0 0.587760 0.178241 0.039062 0.050926
1 0.992188 0.193519 0.013542 0.070370
1 0.934115 0.192593 0.014063 0.055556
