0 0.077344 0.212037 0.106771 0.222222
0 0.123698 0.193981 0.039062 0.121296
0 0.151823 0.190278 0.044271 0.080556
0 0.229948 0.182407 0.040104 0.057407
0 0.301042 0.193519 0.045833 0.055556
0 0.328906 0.187500 0.032813 0.052778
0 0.320573 0.151389 0.041146 0.026852
0 0.364844 0.196759 0.045312 0.054630
0 0.407813 0.206944 0.043750 0.060185
0 0.464583 0.203241 0.076042 0.108333
0 0.530729 0.209259 0.061458 0.111111
0 0.592708 0.243981 0.160417 0.167593
0 0.701823 0.248148 0.082812 0.127778
0 0.644010 0.138889 0.107813 0.064815
0 0.687240 0.186574 0.060937 0.037963
1 0.771354 0.239815 0.023958 0.109259
0 0.784115 0.256019 0.075521 0.039815
0 0.950521 0.299537 0.097917 0.150926
0 0.139323 0.129167 0.018229 0.026852
0 0.203906 0.125463 0.018229 0.026852
0 0.216406 0.147222 0.021354 0.029630
0 0.239323 0.131481 0.019271 0.025926
