0 0.091146 0.208796 0.093750 0.137963
0 0.154167 0.201852 0.017708 0.042593
0 0.169010 0.201852 0.024479 0.048148
0 0.196094 0.203241 0.040104 0.056481
0 0.229948 0.201852 0.044271 0.070370
0 0.266146 0.206944 0.058333 0.084259
0 0.333073 0.204630 0.085938 0.122222
0 0.422135 0.226852 0.129688 0.140741
0 0.423958 0.167130 0.100000 0.047222
0 0.503125 0.181019 0.047917 0.062037
0 0.617448 0.253241 0.271354 0.225000
0 0.524740 0.141667 0.158854 0.107407
0 0.726042 0.242130 0.133333 0.180556
0 0.882552 0.266667 0.233854 0.353704
