0 0.093750 0.212037 0.138542 0.225926
0 0.093490 0.090278 0.052604 0.030556
0 0.176302 0.177315 0.011979 0.028704
0 0.186458 0.177778 0.020833 0.035185
0 0.198437 0.179630 0.019792 0.042593
0 0.216667 0.178241 0.037500 0.058333
0 0.237760 0.190278 0.035937 0.062037
0 0.261979 0.193519 0.038542 0.075926
0 0.302083 0.198611 0.076042 0.100926
0 0.371094 0.208333 0.104688 0.131481
0 0.497917 0.234259 0.223958 0.216667
0 0.268750 0.131019 0.051042 0.069444
0 0.331510 0.135648 0.050521 0.054630
0 0.607812 0.202778 0.160417 0.220370
0 0.851042 0.344444 0.296875 0.472222
0 0.927865 0.079630 0.143229 0.159259
0 0.211979 0.140741 0.034375 0.031481
