0 0.606250 0.241667 0.057292 0.148148
1 0.607292 0.191667 0.025000 0.092593
0 0.548438 0.228241 0.088542 0.112037
0 0.460156 0.212963 0.061979 0.070370
0 0.348438 0.191204 0.056250 0.078704
0 0.250000 0.187963 0.043750 0.057407
0 0.675781 0.246759 0.078646 0.106481
0 0.970313 0.269907 0.057292 0.171296
1 0.917188 0.255093 0.015625 0.099074
0 0.219792 0.183333 0.022917 0.033333
0 0.195312 0.181019 0.015625 0.025000
0 0.159375 0.179630 0.028125 0.038889
0 0.126562 0.184259 0.033333 0.048148
0 0.096615 0.174074 0.030729 0.051852
