0 0.097135 0.214352 0.157812 0.271296
0 0.158594 0.143519 0.102604 0.214815
0 0.239844 0.166667 0.069271 0.120370
0 0.371615 0.219444 0.217188 0.250000
0 0.441406 0.153704 0.020313 0.033333
0 0.461979 0.186574 0.032292 0.063889
0 0.494271 0.187500 0.017708 0.026852
0 0.532552 0.210648 0.095312 0.095370
0 0.609896 0.216667 0.068750 0.085185
0 0.730208 0.223611 0.182292 0.180556
0 0.850000 0.226389 0.085417 0.150926
0 0.868490 0.255556 0.084896 0.125926
0 0.881510 0.289352 0.048438 0.132407
0 0.930990 0.508796 0.136979 0.975000
