0 0.779687 0.218981 0.037500 0.050926
0 0.754687 0.216667 0.028125 0.040741
0 0.727083 0.211574 0.035417 0.039815
1 0.703385 0.201852 0.014063 0.022222
0 0.603385 0.194907 0.030729 0.060185
0 0.573958 0.207407 0.030208 0.040741
0 0.557552 0.190278 0.027604 0.054630
0 0.518229 0.199537 0.022917 0.030556
0 0.420052 0.189815 0.020313 0.027778
1 0.395052 0.184722 0.004687 0.039815
1 0.377865 0.186574 0.006771 0.034259
1 0.362240 0.180556 0.009896 0.048148
1 0.353646 0.178241 0.005208 0.043519
1 0.344792 0.177315 0.007292 0.043519
1 0.337500 0.175926 0.006250 0.044444
1 0.331250 0.173611 0.012500 0.063889
1 0.321615 0.170833 0.007812 0.062037
1 0.315365 0.173148 0.009896 0.059259
1 0.294010 0.169444 0.013021 0.057407
1 0.284896 0.167593 0.010417 0.061111
1 0.255469 0.166204 0.019271 0.106481
1 0.247135 0.168056 0.034896 0.121296
1 0.230990 0.166667 0.033854 0.125926
1 0.212500 0.159722 0.019792 0.106481
1 0.181771 0.155093 0.019792 0.104630
