0 0.186458 0.214815 0.155208 0.194444
0 0.271354 0.194444 0.047917 0.077778
0 0.336979 0.191204 0.050000 0.071296
0 0.408333 0.200000 0.080208 0.105556
0 0.461198 0.184722 0.043229 0.065741
0 0.516146 0.212500 0.088542 0.087963
0 0.619792 0.231944 0.109375 0.167593
0 0.575000 0.185185 0.071875 0.046296
0 0.381510 0.159259 0.040104 0.033333
0 0.303646 0.151852 0.052083 0.120370
0 0.063802 0.118056 0.071354 0.060185
0 0.068750 0.179630 0.063542 0.090741
0 0.101823 0.186111 0.025521 0.077778
0 0.807292 0.447685 0.384375 0.895370
