0 0.094531 0.206481 0.069271 0.094444
0 0.149740 0.189815 0.018229 0.029630
0 0.171094 0.193981 0.015104 0.030556
0 0.203906 0.208333 0.065104 0.092593
0 0.323437 0.215741 0.056250 0.064815
0 0.290365 0.195833 0.033854 0.071296
0 0.283073 0.192130 0.032813 0.067593
0 0.252865 0.203704 0.013021 0.029630
0 0.238281 0.200926 0.018229 0.038889
0 0.526563 0.243519 0.134375 0.129630
0 0.819010 0.253704 0.111979 0.061111
0 0.924479 0.262963 0.097917 0.062963
0 0.976302 0.341667 0.046354 0.203704
0 0.210417 0.161111 0.031250 0.027778
0 0.480469 0.200926 0.028646 0.040741
