1 0.965365 0.235648 0.019271 0.115741
1 0.917188 0.216667 0.019792 0.114815
1 0.897396 0.204167 0.015625 0.089815
0 0.404948 0.162500 0.040104 0.026852
0 0.338021 0.156481 0.041667 0.025926
0 0.229427 0.179630 0.063021 0.088889
0 0.175000 0.163426 0.019792 0.030556
0 0.157552 0.169907 0.025521 0.041667
0 0.140104 0.168981 0.017708 0.052778
0 0.093490 0.198611 0.115104 0.171296
1 0.513542 0.165741 0.007292 0.025926
1 0.543490 0.183796 0.009896 0.058333
1 0.559635 0.183333 0.007812 0.061111
1 0.573177 0.186111 0.008854 0.061111
1 0.657031 0.194907 0.010937 0.058333
1 0.521094 0.178241 0.006771 0.043519
