0 0.916406 0.279167 0.166146 0.165741
0 0.655990 0.236574 0.120313 0.117593
0 0.494531 0.186111 0.035937 0.044444
0 0.389062 0.176852 0.025000 0.053704
0 0.353646 0.185648 0.021875 0.030556
0 0.342969 0.174537 0.021354 0.039815
0 0.080208 0.203241 0.110417 0.178704
1 0.115625 0.159722 0.012500 0.052778
1 0.123438 0.164352 0.006250 0.045370
1 0.142708 0.165278 0.007292 0.039815
1 0.148958 0.165278 0.006250 0.043519
1 0.156771 0.168981 0.010417 0.039815
1 0.165885 0.168519 0.007812 0.042593
1 0.180990 0.169907 0.005729 0.041667
1 0.813021 0.230093 0.031250 0.112037
1 0.827083 0.225463 0.022917 0.119444
