0 0.101042 0.175000 0.069792 0.083333
0 0.222135 0.177315 0.031771 0.041667
0 0.270313 0.168519 0.018750 0.027778
0 0.291406 0.171759 0.013021 0.030556
0 0.304688 0.181944 0.017708 0.025000
0 0.321615 0.184722 0.024479 0.032407
0 0.351562 0.180093 0.013542 0.026852
0 0.361979 0.185185 0.025000 0.031481
0 0.384896 0.185648 0.025000 0.041667
0 0.415885 0.176389 0.040104 0.078704
0 0.457813 0.196296 0.055208 0.074074
0 0.548177 0.212500 0.086979 0.097222
0 0.615104 0.214815 0.064583 0.074074
0 0.717187 0.237963 0.156250 0.166667
