0 0.121875 0.102778 0.243750 0.179630
0 0.554167 0.091667 0.048958 0.066667
0 0.592187 0.061574 0.016667 0.025000
0 0.599219 0.056944 0.014063 0.025000
0 0.601823 0.012037 0.020313 0.024074
0 0.625000 0.072222 0.016667 0.040741
0 0.628385 0.086574 0.016146 0.041667
0 0.734375 0.125926 0.228125 0.137037
0 0.688281 0.050000 0.031771 0.027778
0 0.770312 0.054167 0.110417 0.089815
0 0.826823 0.093981 0.013021 0.032407
0 0.856771 0.112500 0.058333 0.071296
0 0.899740 0.110648 0.032813 0.036111
0 0.941406 0.125926 0.054688 0.053704
0 0.974479 0.126852 0.020833 0.040741
