0 0.198958 0.172685 0.022917 0.023148
0 0.257552 0.166667 0.017188 0.027778
0 0.333594 0.153241 0.107813 0.076852
0 0.353385 0.186111 0.035937 0.051852
0 0.406250 0.187963 0.029167 0.050000
0 0.428646 0.192130 0.036458 0.054630
0 0.457813 0.199537 0.051042 0.062037
0 0.513542 0.204630 0.068750 0.072222
0 0.584896 0.210648 0.092708 0.089815
0 0.694271 0.214815 0.156250 0.144444
0 0.797135 0.194907 0.060937 0.037963
0 0.805729 0.232870 0.085417 0.095370
0 0.895052 0.253241 0.208854 0.160185
0 0.830208 0.155556 0.029167 0.024074
0 0.540885 0.147222 0.088021 0.061111
