0 0.950260 0.268519 0.098437 0.168519
0 0.833854 0.263889 0.239583 0.177778
0 0.639323 0.224537 0.016146 0.041667
1 0.703646 0.212500 0.009375 0.039815
1 0.711979 0.214352 0.005208 0.039815
0 0.463802 0.220370 0.083854 0.057407
0 0.400781 0.211111 0.027604 0.037037
0 0.377604 0.206944 0.032292 0.037963
0 0.353646 0.204167 0.028125 0.036111
0 0.304948 0.196296 0.025521 0.029630
0 0.282813 0.193981 0.026042 0.026852
0 0.252865 0.191204 0.020313 0.023148
1 0.234375 0.181944 0.011458 0.058333
1 0.227604 0.184722 0.011458 0.047222
0 0.152083 0.192593 0.123958 0.118519
0 0.093750 0.172685 0.032292 0.047222
