0 0.262240 0.147222 0.153646 0.092593
0 0.358594 0.171759 0.041146 0.028704
0 0.375000 0.150000 0.015625 0.024074
0 0.407552 0.186111 0.051562 0.066667
0 0.438281 0.168056 0.021354 0.026852
0 0.482812 0.187963 0.053125 0.066667
0 0.532292 0.193981 0.068750 0.078704
0 0.592187 0.208796 0.085417 0.089815
0 0.690104 0.202778 0.072917 0.090741
0 0.735677 0.221296 0.138021 0.122222
0 0.818490 0.217593 0.050521 0.081481
0 0.927083 0.245833 0.144792 0.175000
0 0.934896 0.173611 0.129167 0.069444
0 0.904167 0.141667 0.030208 0.024074
0 0.674219 0.155093 0.147396 0.128704
1 0.833073 0.143981 0.005729 0.026852
