0 0.084115 0.223611 0.121354 0.250926
0 0.182552 0.181019 0.015104 0.034259
0 0.189583 0.184259 0.015625 0.035185
0 0.205729 0.188426 0.029167 0.039815
0 0.211198 0.190278 0.017188 0.043519
0 0.227083 0.189352 0.029167 0.054630
0 0.259115 0.191204 0.055729 0.078704
0 0.290104 0.205093 0.040625 0.080556
0 0.321094 0.212963 0.077604 0.094444
0 0.402604 0.223611 0.132292 0.139815
0 0.588281 0.264815 0.291146 0.264815
0 0.878646 0.330093 0.241667 0.399074
0 0.319271 0.126389 0.075000 0.089815
0 0.453125 0.139352 0.095833 0.104630
0 0.742708 0.270370 0.101042 0.181481
0 0.106771 0.145370 0.064583 0.127778
