0 0.075521 0.208333 0.067708 0.131481
0 0.165365 0.200463 0.036979 0.060185
0 0.188802 0.206019 0.029687 0.058333
0 0.215885 0.206019 0.038021 0.069444
0 0.243229 0.206481 0.035417 0.083333
0 0.292448 0.205556 0.078646 0.112963
0 0.358073 0.220370 0.084896 0.127778
0 0.479687 0.220370 0.187500 0.216667
0 0.759115 0.277778 0.388021 0.296296
0 0.918229 0.292593 0.162500 0.261111
0 0.225260 0.160648 0.060937 0.030556
0 0.138542 0.204630 0.025000 0.046296
0 0.122656 0.204167 0.017188 0.043519
0 0.107031 0.206481 0.014063 0.035185
