0 0.079427 0.203704 0.084896 0.137037
0 0.161458 0.195833 0.026042 0.052778
0 0.223438 0.193981 0.048958 0.080556
0 0.259115 0.202315 0.054688 0.078704
0 0.309635 0.207407 0.075521 0.101852
0 0.379948 0.210648 0.090104 0.141667
0 0.516406 0.218056 0.219271 0.221296
0 0.811458 0.287500 0.376042 0.343519
0 0.647917 0.229167 0.070833 0.160185
0 0.966406 0.195833 0.066146 0.082407
0 0.332813 0.140741 0.085417 0.044444
0 0.638021 0.151852 0.155208 0.075926
0 0.122135 0.194444 0.024479 0.048148
0 0.142187 0.195833 0.022917 0.041667
0 0.189323 0.197222 0.024479 0.059259
