0 0.066406 0.161574 0.024479 0.041667
0 0.078906 0.187037 0.027604 0.040741
0 0.119792 0.190741 0.029167 0.038889
0 0.125260 0.168981 0.029687 0.063889
0 0.158854 0.189352 0.019792 0.023148
0 0.186719 0.187037 0.015104 0.029630
0 0.201042 0.192593 0.023958 0.029630
0 0.229948 0.188889 0.033854 0.055556
0 0.322396 0.199537 0.041667 0.063889
0 0.369531 0.211574 0.036979 0.041667
0 0.433854 0.216204 0.054167 0.060185
0 0.554948 0.151389 0.202604 0.302778
0 0.963021 0.293519 0.072917 0.133333
1 0.702083 0.225926 0.010417 0.050000
1 0.713802 0.231019 0.010937 0.047222
1 0.893750 0.259259 0.014583 0.038889
