0 0.762760 0.264815 0.209896 0.148148
0 0.951562 0.277778 0.095833 0.107407
0 0.992448 0.207407 0.014063 0.037037
1 0.882292 0.252315 0.017708 0.100926
1 0.895312 0.257407 0.017708 0.100000
1 0.694792 0.211111 0.013542 0.042593
1 0.581510 0.194444 0.014063 0.059259
1 0.508854 0.215741 0.023958 0.120370
1 0.425260 0.206019 0.021354 0.121296
1 0.273177 0.192130 0.038021 0.150926
1 0.254688 0.169907 0.016667 0.097222
1 0.229687 0.190278 0.037500 0.139815
1 0.213802 0.187963 0.018229 0.133333
1 0.164583 0.181019 0.027083 0.139815
1 0.480208 0.187037 0.010417 0.055556
