0 0.277083 0.169907 0.015625 0.026852
0 0.302865 0.159722 0.022396 0.045370
0 0.326562 0.170370 0.016667 0.024074
0 0.345052 0.183796 0.027604 0.039815
0 0.385677 0.158796 0.064062 0.060185
0 0.381771 0.183333 0.013542 0.035185
0 0.391927 0.190278 0.019271 0.041667
0 0.407552 0.193056 0.030729 0.041667
0 0.435156 0.195833 0.038021 0.049074
0 0.463281 0.198611 0.039062 0.056481
0 0.508073 0.197685 0.075521 0.086111
0 0.568229 0.213889 0.086458 0.085185
0 0.699479 0.193981 0.163542 0.189815
0 0.790885 0.218981 0.026562 0.117593
0 0.859115 0.234259 0.119271 0.094444
0 0.979688 0.228241 0.039583 0.136111
0 0.482812 0.150926 0.057292 0.038889
