0 0.096615 0.209259 0.161979 0.272222
0 0.139063 0.075463 0.048958 0.034259
0 0.174219 0.160185 0.066146 0.137037
0 0.181250 0.083333 0.035417 0.033333
0 0.198437 0.115741 0.021875 0.033333
0 0.220312 0.143519 0.045833 0.096296
0 0.244271 0.155093 0.051042 0.115741
0 0.324479 0.166667 0.126042 0.185185
0 0.396615 0.171759 0.055729 0.128704
0 0.491146 0.162963 0.161458 0.235185
0 0.706250 0.202315 0.053125 0.065741
0 0.802604 0.218056 0.063542 0.069444
0 0.905729 0.225463 0.144792 0.104630
0 0.614844 0.174074 0.019271 0.044444
0 0.648958 0.191204 0.013542 0.032407
1 0.592969 0.168981 0.017188 0.030556
