0 0.069792 0.166667 0.034375 0.055556
0 0.140365 0.178241 0.063021 0.084259
0 0.212240 0.176852 0.034896 0.044444
0 0.307031 0.167130 0.029687 0.034259
0 0.315104 0.181944 0.026042 0.034259
0 0.530729 0.220833 0.198958 0.197222
1 0.813802 0.257407 0.043229 0.070370
1 0.780208 0.261111 0.030208 0.046296
1 0.952604 0.240278 0.033333 0.163889
1 0.972656 0.240278 0.022396 0.139815
0 0.266927 0.178704 0.019271 0.027778
0 0.247135 0.174074 0.015104 0.024074
1 0.742969 0.243519 0.027604 0.072222
1 0.753906 0.195370 0.015104 0.050000
1 0.853385 0.243981 0.027604 0.113889
