0 0.058854 0.128704 0.088542 0.148148
0 0.019531 0.048611 0.039062 0.056481
0 0.053385 0.043981 0.034896 0.030556
0 0.097396 0.047685 0.040625 0.028704
0 0.097917 0.083796 0.037500 0.054630
0 0.117969 0.118056 0.050521 0.112037
0 0.194531 0.127315 0.118229 0.171296
0 0.262500 0.130556 0.054167 0.120370
0 0.348698 0.121759 0.146354 0.213889
0 0.570573 0.154630 0.049479 0.062963
0 0.661979 0.169907 0.057292 0.063889
0 0.757812 0.172222 0.133333 0.101852
0 0.927604 0.247222 0.143750 0.162963
0 0.481510 0.127315 0.023438 0.034259
