0 0.110677 0.254167 0.069271 0.193519
1 0.111979 0.202315 0.058333 0.202778
0 0.182031 0.209722 0.047396 0.073148
0 0.252083 0.226389 0.106250 0.134259
0 0.313281 0.221296 0.032813 0.050000
0 0.386719 0.220833 0.118229 0.147222
0 0.477865 0.239352 0.042188 0.043519
0 0.556510 0.252315 0.042188 0.039815
0 0.596354 0.255556 0.069792 0.055556
0 0.809635 0.277778 0.065104 0.055556
0 0.845052 0.290741 0.084896 0.064815
0 0.890104 0.299537 0.043750 0.063889
1 0.888802 0.277315 0.019271 0.060185
0 0.158594 0.210648 0.015104 0.052778
0 0.451562 0.244444 0.012500 0.025926
