0 0.161979 0.191667 0.044792 0.070370
0 0.229167 0.208333 0.103125 0.133333
0 0.280469 0.203704 0.022396 0.046296
0 0.340885 0.201389 0.102604 0.128704
0 0.397135 0.215741 0.016146 0.040741
0 0.445312 0.222222 0.038542 0.040741
0 0.486458 0.232407 0.031250 0.031481
0 0.550000 0.239352 0.044792 0.039815
0 0.603125 0.238426 0.064583 0.062037
0 0.764062 0.270370 0.087500 0.061111
0 0.945052 0.290278 0.108854 0.089815
0 0.140104 0.192130 0.015625 0.052778
0 0.131771 0.195833 0.016667 0.041667
0 0.122917 0.193519 0.014583 0.046296
0 0.722917 0.263426 0.035417 0.043519
1 0.863281 0.283333 0.006771 0.046296
1 0.872917 0.283333 0.011458 0.051852
0 0.908333 0.277778 0.056250 0.062963
