0 0.078906 0.225000 0.108854 0.240741
0 0.104167 0.156019 0.065625 0.147222
0 0.165365 0.187963 0.014063 0.035185
0 0.185417 0.187500 0.021875 0.041667
0 0.196615 0.192130 0.021354 0.043519
0 0.207292 0.195833 0.015625 0.047222
0 0.222135 0.197222 0.022396 0.053704
0 0.233594 0.200463 0.030729 0.058333
0 0.260937 0.200463 0.046875 0.076852
0 0.283594 0.208333 0.038021 0.088889
0 0.339583 0.212500 0.108333 0.136111
0 0.457031 0.240741 0.144271 0.164815
0 0.609115 0.281019 0.284896 0.247222
0 0.934115 0.422685 0.130729 0.310185
0 0.246615 0.143056 0.056771 0.058333
0 0.403125 0.130093 0.125000 0.175000
0 0.812500 0.198148 0.297917 0.396296
