0 0.063281 0.160648 0.064062 0.097222
1 0.107292 0.136111 0.008333 0.033333
0 0.156250 0.133333 0.090625 0.061111
0 0.234635 0.157407 0.022396 0.024074
0 0.250260 0.159259 0.025521 0.027778
0 0.277865 0.161574 0.045312 0.049074
0 0.334115 0.165278 0.056771 0.065741
0 0.379167 0.175926 0.036458 0.046296
1 0.409375 0.170833 0.007292 0.041667
1 0.436198 0.175463 0.008854 0.043519
1 0.494792 0.181481 0.006250 0.044444
1 0.488802 0.181481 0.005729 0.038889
1 0.472396 0.177315 0.003125 0.032407
1 0.468490 0.179167 0.006771 0.037963
1 0.610677 0.194444 0.006771 0.051852
