0 0.860156 0.285185 0.277604 0.242593
0 0.652344 0.207407 0.143229 0.092593
0 0.452083 0.226852 0.182292 0.175926
0 0.379688 0.178241 0.028125 0.032407
0 0.369010 0.188889 0.018229 0.042593
0 0.355729 0.198611 0.013542 0.028704
0 0.337760 0.198148 0.027604 0.029630
0 0.280729 0.201852 0.091667 0.116667
0 0.235156 0.193519 0.021354 0.033333
0 0.205729 0.190278 0.041667 0.039815
0 0.188542 0.186574 0.018750 0.028704
0 0.156510 0.184259 0.048438 0.042593
0 0.176042 0.155093 0.072917 0.036111
0 0.123698 0.185185 0.024479 0.027778
