0 0.084375 0.223148 0.127083 0.264815
0 0.100781 0.129630 0.064062 0.101852
0 0.901563 0.379630 0.195833 0.377778
0 0.836719 0.328241 0.040104 0.075000
0 0.903646 0.278241 0.190625 0.182407
0 0.751042 0.247222 0.084375 0.198148
0 0.592187 0.237500 0.273958 0.291667
0 0.440625 0.214352 0.039583 0.097222
0 0.457813 0.236111 0.017708 0.079630
0 0.379688 0.221759 0.127083 0.141667
0 0.315885 0.208333 0.055729 0.096296
0 0.284115 0.200926 0.051562 0.081481
0 0.253385 0.195370 0.039062 0.066667
0 0.228906 0.190741 0.033854 0.061111
0 0.210417 0.188889 0.016667 0.046296
0 0.196875 0.184722 0.025000 0.041667
0 0.181250 0.181944 0.015625 0.034259
0 0.176563 0.181019 0.017708 0.032407
0 0.171615 0.176852 0.017188 0.033333
