0 0.104427 0.205093 0.057813 0.076852
0 0.184896 0.201852 0.034375 0.053704
0 0.213021 0.202778 0.026042 0.042593
0 0.480469 0.203704 0.025521 0.061111
0 0.550781 0.212500 0.045312 0.052778
1 0.592969 0.243519 0.027604 0.072222
1 0.725000 0.238426 0.035417 0.139815
1 0.751823 0.235648 0.029687 0.134259
0 0.148958 0.197222 0.015625 0.025926
0 0.163542 0.200000 0.012500 0.040741
1 0.453646 0.211574 0.011458 0.058333
1 0.468750 0.193056 0.018750 0.039815
1 0.490104 0.227778 0.019792 0.062963
1 0.507031 0.215278 0.011979 0.069444
1 0.570312 0.239815 0.026042 0.068519
1 0.532552 0.235185 0.019271 0.061111
1 0.718229 0.226852 0.022917 0.116667
