1 0.081771 0.170370 0.009375 0.061111
1 0.103385 0.173148 0.007812 0.046296
0 0.151562 0.188426 0.056250 0.069444
0 0.208594 0.187500 0.019271 0.054630
0 0.221615 0.191667 0.025521 0.087037
0 0.303646 0.196296 0.143750 0.201852
0 0.417708 0.190741 0.085417 0.105556
0 0.419010 0.125926 0.024479 0.024074
0 0.451562 0.157407 0.021875 0.033333
0 0.471354 0.162963 0.029167 0.053704
0 0.557552 0.183333 0.183854 0.216667
0 0.649219 0.175926 0.055729 0.187037
0 0.696615 0.217593 0.047396 0.088889
0 0.859115 0.243981 0.280729 0.486111
0 0.385677 0.130556 0.023438 0.035185
0 0.395313 0.135185 0.022917 0.031481
