0 0.072396 0.168056 0.075000 0.104630
0 0.108854 0.157407 0.017708 0.042593
0 0.142448 0.161574 0.024479 0.034259
1 0.158854 0.160648 0.007292 0.041667
1 0.192969 0.162963 0.007812 0.042593
1 0.230208 0.167130 0.010417 0.041667
0 0.236719 0.171296 0.029687 0.025926
1 0.123438 0.159259 0.006250 0.040741
1 0.129427 0.160648 0.006771 0.037963
0 0.267708 0.175000 0.022917 0.022222
0 0.285677 0.177315 0.021354 0.025000
0 0.321354 0.183796 0.020833 0.026852
0 0.340104 0.184259 0.026042 0.031481
0 0.358333 0.187963 0.023958 0.031481
0 0.394271 0.192593 0.065625 0.046296
1 0.425781 0.187037 0.006771 0.042593
1 0.434635 0.187037 0.009896 0.042593
0 0.525000 0.161574 0.113542 0.043519
0 0.515625 0.200000 0.108333 0.096296
0 0.609375 0.205556 0.089583 0.103704
0 0.696094 0.224074 0.094271 0.090741
1 0.773698 0.233333 0.007812 0.081481
1 0.764583 0.222222 0.012500 0.068519
1 0.814063 0.226389 0.010417 0.069444
1 0.804427 0.224074 0.013021 0.068519
0 0.916406 0.243981 0.166146 0.202778
