0 0.092969 0.173611 0.015104 0.032407
0 0.104167 0.182407 0.026042 0.031481
0 0.130729 0.178704 0.030208 0.046296
0 0.147396 0.178241 0.011458 0.045370
0 0.179427 0.178704 0.033854 0.046296
0 0.252604 0.149537 0.067708 0.117593
0 0.279427 0.172222 0.057813 0.090741
0 0.313281 0.186574 0.029687 0.050926
0 0.331771 0.187963 0.013542 0.037037
0 0.357552 0.189815 0.053646 0.062963
0 0.407031 0.194444 0.058854 0.083333
0 0.473698 0.196759 0.108854 0.126852
0 0.607552 0.205093 0.165104 0.169444
0 0.776042 0.234259 0.269792 0.257407
0 0.879167 0.176389 0.240625 0.352778
