0 0.820312 0.273148 0.358333 0.435185
0 0.631510 0.240278 0.048438 0.104630
0 0.504948 0.224537 0.184896 0.200926
0 0.396615 0.209259 0.082812 0.140741
0 0.348438 0.199074 0.036458 0.072222
0 0.322135 0.190741 0.041146 0.059259
0 0.250781 0.182407 0.027604 0.042593
0 0.214323 0.191204 0.066146 0.093519
0 0.163021 0.177778 0.026042 0.037037
0 0.110417 0.182870 0.053125 0.065741
0 0.089583 0.168056 0.017708 0.041667
0 0.142708 0.174537 0.015625 0.026852
0 0.181510 0.171296 0.018229 0.040741
0 0.295833 0.191204 0.017708 0.034259
