0 0.066146 0.179167 0.058333 0.082407
0 0.085417 0.139352 0.079167 0.076852
0 0.104167 0.200000 0.043750 0.087037
0 0.172656 0.195370 0.105729 0.137037
0 0.218490 0.172685 0.017188 0.034259
0 0.339844 0.204167 0.233854 0.263889
0 0.459635 0.232870 0.027604 0.108333
0 0.485938 0.206481 0.070833 0.083333
0 0.524219 0.208796 0.056771 0.086111
0 0.581510 0.224537 0.110937 0.087963
0 0.610677 0.191667 0.059896 0.031481
0 0.684375 0.239352 0.098958 0.078704
0 0.879948 0.265278 0.074479 0.112037
0 0.951823 0.276389 0.095312 0.228704
1 0.971615 0.231019 0.055729 0.276852
