0 0.068229 0.172685 0.053125 0.054630
0 0.184896 0.178704 0.122917 0.083333
0 0.233073 0.173611 0.064062 0.058333
0 0.259896 0.159259 0.030208 0.037037
0 0.257292 0.086574 0.013542 0.030556
0 0.241927 0.081481 0.013021 0.024074
0 0.230729 0.078241 0.016667 0.023148
0 0.307292 0.150926 0.034375 0.050000
0 0.293750 0.139352 0.021875 0.058333
0 0.350781 0.132870 0.049479 0.086111
0 0.380208 0.150926 0.013542 0.038889
0 0.399479 0.154167 0.033333 0.045370
0 0.427604 0.144907 0.023958 0.026852
0 0.423438 0.129630 0.018750 0.024074
0 0.484635 0.170833 0.089063 0.060185
0 0.490625 0.145370 0.053125 0.027778
0 0.524479 0.162500 0.026042 0.041667
0 0.562240 0.163889 0.036979 0.038889
0 0.953125 0.200926 0.092708 0.059259
1 0.932031 0.169907 0.014063 0.034259
1 0.867708 0.180093 0.011458 0.047222
