0 0.073958 0.166667 0.036458 0.075926
0 0.112500 0.191204 0.044792 0.058333
0 0.197656 0.192130 0.095312 0.143519
0 0.251302 0.181944 0.038021 0.080556
0 0.255729 0.194907 0.019792 0.067593
0 0.283594 0.192593 0.059896 0.092593
0 0.329167 0.198148 0.067708 0.122222
0 0.425781 0.187963 0.155729 0.205556
0 0.515365 0.138426 0.033854 0.041667
0 0.587500 0.231481 0.256250 0.233333
0 0.682813 0.179167 0.159375 0.162037
0 0.842708 0.257870 0.263542 0.236111
0 0.801302 0.156019 0.396354 0.310185
0 0.132812 0.185185 0.013542 0.038889
