0 0.099219 0.201852 0.031771 0.070370
0 0.150781 0.212500 0.100521 0.126852
0 0.198437 0.209259 0.025000 0.070370
0 0.252604 0.204630 0.091667 0.114815
0 0.301042 0.211574 0.033333 0.069444
0 0.298177 0.176852 0.039062 0.038889
0 0.416146 0.207870 0.200000 0.225000
0 0.519271 0.221759 0.076042 0.126852
0 0.553906 0.222222 0.055729 0.075926
0 0.575781 0.224074 0.050521 0.070370
0 0.670312 0.234722 0.103125 0.082407
0 0.756250 0.250000 0.065625 0.075926
0 0.885156 0.256481 0.141146 0.111111
0 0.085417 0.196296 0.015625 0.048148
0 0.079687 0.187963 0.026042 0.044444
