0 0.116927 0.176852 0.025521 0.037037
0 0.166667 0.180556 0.020833 0.027778
0 0.189323 0.176852 0.016146 0.027778
0 0.202083 0.179630 0.019792 0.027778
0 0.222917 0.180556 0.023958 0.038889
0 0.248177 0.181944 0.031771 0.047222
0 0.284896 0.172222 0.047917 0.085185
0 0.313542 0.184259 0.018750 0.046296
0 0.393229 0.194444 0.080208 0.096296
0 0.539323 0.208333 0.103646 0.090741
0 0.769792 0.240741 0.242708 0.205556
0 0.858073 0.190741 0.061979 0.029630
0 0.652344 0.218519 0.018229 0.072222
0 0.053125 0.165741 0.031250 0.055556
