0 0.154427 0.190278 0.035937 0.043519
0 0.255729 0.182870 0.016667 0.026852
0 0.265365 0.193981 0.013021 0.026852
0 0.278906 0.197222 0.025521 0.033333
0 0.323958 0.194444 0.017708 0.031481
0 0.336979 0.194907 0.015625 0.039815
0 0.358854 0.186111 0.032292 0.074074
0 0.380990 0.200463 0.044271 0.063889
0 0.428125 0.211574 0.065625 0.080556
0 0.463542 0.208333 0.019792 0.053704
0 0.512500 0.223148 0.102083 0.124074
0 0.558333 0.216667 0.027083 0.068519
0 0.768750 0.207870 0.313542 0.350926
0 0.974479 0.248148 0.050000 0.214815
