0 0.070833 0.196759 0.095833 0.197222
0 0.113542 0.182407 0.038542 0.112963
0 0.166146 0.180556 0.058333 0.079630
0 0.203385 0.169907 0.027604 0.045370
0 0.243750 0.175000 0.030208 0.038889
0 0.274219 0.172685 0.028646 0.039815
0 0.305729 0.192593 0.047917 0.066667
0 0.332813 0.187963 0.018750 0.044444
0 0.281250 0.142593 0.038542 0.027778
0 0.363802 0.185185 0.045312 0.074074
0 0.406250 0.190278 0.047917 0.076852
0 0.439323 0.209259 0.100521 0.081481
0 0.500000 0.165741 0.093750 0.103704
0 0.527083 0.184722 0.059375 0.050926
0 0.570312 0.228241 0.127083 0.104630
0 0.946615 0.277315 0.105729 0.202778
