0 0.126562 0.124074 0.181250 0.248148
0 0.245573 0.160648 0.058854 0.084259
0 0.308854 0.181481 0.068750 0.101852
0 0.329167 0.191204 0.046875 0.078704
0 0.371615 0.192593 0.027604 0.037037
0 0.397917 0.166667 0.059375 0.064815
0 0.416146 0.186111 0.032292 0.029630
0 0.444271 0.182407 0.023958 0.031481
0 0.463281 0.175463 0.016146 0.023148
0 0.470313 0.186111 0.026042 0.027778
0 0.562240 0.198148 0.154688 0.185185
0 0.747135 0.249074 0.278646 0.237037
0 0.868229 0.229167 0.111458 0.163889
0 0.950260 0.275926 0.098437 0.175926
0 0.988281 0.357407 0.022396 0.151852
