0 0.127865 0.212963 0.170313 0.261111
0 0.198958 0.190278 0.040625 0.150926
0 0.215365 0.180556 0.023438 0.081481
0 0.039844 0.125926 0.029687 0.040741
0 0.271615 0.108333 0.019271 0.033333
0 0.289844 0.126389 0.025521 0.037963
0 0.323958 0.153704 0.034375 0.050000
0 0.362760 0.131944 0.038021 0.030556
0 0.375781 0.187037 0.076563 0.103704
0 0.472917 0.150000 0.053125 0.037037
0 0.488281 0.191204 0.053646 0.075000
0 0.550000 0.213889 0.114583 0.112963
0 0.598958 0.159722 0.086458 0.058333
0 0.641667 0.162500 0.036458 0.039815
0 0.680729 0.169444 0.045833 0.038889
0 0.708073 0.231019 0.131771 0.123148
0 0.906771 0.195833 0.128125 0.095370
0 0.872135 0.262037 0.197396 0.150000
0 0.834896 0.187500 0.028125 0.041667
