1 0.138802 0.147685 0.048438 0.152778
1 0.136719 0.104630 0.051562 0.192593
1 0.200781 0.097685 0.080729 0.115741
1 0.204687 0.068981 0.041667 0.134259
0 0.090104 0.027315 0.121875 0.054630
0 0.259635 0.050926 0.080729 0.064815
1 0.533333 0.108333 0.018750 0.075926
1 0.548958 0.110648 0.017708 0.073148
1 0.588542 0.117130 0.019792 0.071296
1 0.612760 0.118056 0.017188 0.078704
1 0.628125 0.121296 0.016667 0.079630
1 0.642188 0.129167 0.012500 0.069444
1 0.653385 0.125000 0.014063 0.075926
1 0.689323 0.129167 0.016146 0.084259
1 0.701042 0.128241 0.013542 0.078704
1 0.711979 0.133796 0.019792 0.080556
1 0.730208 0.133796 0.018750 0.086111
1 0.739583 0.134259 0.014583 0.094444
1 0.740625 0.117130 0.020833 0.052778
1 0.805469 0.152315 0.024479 0.065741
1 0.805208 0.139815 0.018750 0.062963
1 0.861719 0.137963 0.017188 0.057407
1 0.897135 0.138426 0.011979 0.065741
1 0.974219 0.151852 0.027604 0.046296
1 0.664844 0.115741 0.010937 0.072222
1 0.329427 0.062500 0.009896 0.052778
