0 0.073438 0.199074 0.094792 0.192593
0 0.051823 0.085185 0.071354 0.051852
0 0.104688 0.144907 0.032292 0.067593
0 0.135677 0.175000 0.044271 0.066667
0 0.188021 0.177315 0.036458 0.045370
0 0.207031 0.173148 0.014063 0.027778
0 0.229427 0.171759 0.033854 0.052778
0 0.363542 0.229630 0.264583 0.283333
0 0.456250 0.176389 0.057292 0.086111
0 0.530729 0.216204 0.093750 0.091667
0 0.584375 0.193519 0.034375 0.024074
0 0.678646 0.240741 0.229167 0.162963
0 0.822396 0.259722 0.120833 0.150926
0 0.932031 0.201389 0.134896 0.402778
