0 0.056771 0.160648 0.014583 0.030556
0 0.073438 0.188426 0.025000 0.037963
0 0.111458 0.191204 0.027083 0.036111
0 0.115625 0.172222 0.026042 0.061111
0 0.190365 0.188426 0.026562 0.037963
0 0.173698 0.191667 0.013021 0.024074
0 0.247396 0.194444 0.027083 0.040741
0 0.311458 0.158796 0.066667 0.145370
0 0.478646 0.218056 0.064583 0.071296
0 0.754167 0.248611 0.147917 0.132407
1 0.582812 0.210648 0.007292 0.037963
1 0.575521 0.209259 0.007292 0.038889
1 0.375000 0.199537 0.006250 0.039815
1 0.379948 0.201389 0.004687 0.036111
1 0.386719 0.199537 0.007812 0.039815
1 0.395573 0.203704 0.005729 0.031481
