0 0.066406 0.162500 0.027604 0.034259
0 0.082552 0.160648 0.013021 0.026852
0 0.097917 0.157870 0.031250 0.041667
0 0.120052 0.163426 0.017188 0.025000
0 0.140625 0.165278 0.023958 0.028704
0 0.163281 0.165741 0.020313 0.027778
0 0.205990 0.170833 0.072396 0.063889
0 0.279687 0.175000 0.047917 0.075926
0 0.317448 0.188426 0.069271 0.086111
0 0.666406 0.249537 0.320312 0.262037
1 0.440365 0.186111 0.013021 0.062963
1 0.391927 0.178241 0.008854 0.026852
1 0.494531 0.178704 0.013021 0.044444
1 0.519531 0.174537 0.013021 0.056481
