0 0.227604 0.133796 0.203125 0.130556
0 0.239844 0.035648 0.016146 0.028704
0 0.214844 0.031481 0.030729 0.025926
0 0.304948 0.088426 0.028646 0.056481
0 0.310677 0.102315 0.017188 0.039815
0 0.335417 0.112500 0.039583 0.065741
0 0.348698 0.065278 0.034896 0.050926
0 0.385677 0.087500 0.072396 0.112037
0 0.425260 0.111574 0.016146 0.045370
0 0.451302 0.116667 0.048438 0.061111
0 0.483073 0.107870 0.018229 0.026852
0 0.539062 0.138889 0.116667 0.085185
0 0.572917 0.112963 0.041667 0.050000
0 0.616146 0.125463 0.046875 0.052778
0 0.675521 0.139352 0.032292 0.049074
0 0.710156 0.149537 0.060937 0.073148
