0 0.070833 0.191667 0.038542 0.061111
0 0.151302 0.202315 0.029687 0.039815
0 0.181771 0.193056 0.014583 0.028704
0 0.209115 0.203704 0.019271 0.024074
0 0.229167 0.205556 0.023958 0.029630
0 0.255990 0.201852 0.016146 0.027778
0 0.261719 0.205093 0.013021 0.026852
0 0.276562 0.205556 0.022917 0.033333
0 0.301302 0.206944 0.029687 0.043519
0 0.337760 0.198611 0.043229 0.080556
0 0.405990 0.217593 0.063021 0.081481
0 0.475521 0.224537 0.055208 0.062037
0 0.552344 0.238889 0.114062 0.114815
0 0.607292 0.237963 0.051042 0.083333
0 0.865625 0.279167 0.239583 0.219444
