0 0.044010 0.141204 0.015104 0.032407
0 0.071094 0.148611 0.029687 0.050926
0 0.102865 0.179630 0.030729 0.044444
0 0.153646 0.152778 0.032292 0.055556
0 0.150000 0.184259 0.033333 0.044444
0 0.185677 0.176852 0.019271 0.024074
0 0.192188 0.183796 0.021875 0.028704
0 0.230208 0.182407 0.019792 0.037037
0 0.268750 0.191204 0.038542 0.047222
0 0.289323 0.192130 0.013021 0.039815
0 0.314583 0.195370 0.030208 0.044444
0 0.370833 0.192130 0.080208 0.113889
0 0.618750 0.228704 0.123958 0.151852
0 0.889844 0.279167 0.178646 0.147222
1 0.831250 0.221759 0.016667 0.034259
1 0.478646 0.205556 0.008333 0.051852
1 0.535677 0.213426 0.011979 0.050926
1 0.547917 0.213426 0.010417 0.054630
1 0.555729 0.212500 0.007292 0.050926
