1 0.107813 0.132407 0.063542 0.087037
1 0.113281 0.105556 0.030729 0.114815
1 0.238802 0.121296 0.020313 0.070370
1 0.260677 0.120833 0.018229 0.071296
1 0.291667 0.126852 0.015625 0.072222
1 0.316667 0.126389 0.014583 0.075000
1 0.328646 0.127315 0.013542 0.075000
1 0.358333 0.130556 0.018750 0.072222
1 0.378906 0.132870 0.016146 0.076852
1 0.395573 0.134259 0.018229 0.077778
1 0.411719 0.135648 0.016146 0.075000
1 0.430469 0.136111 0.017188 0.087037
1 0.431250 0.123611 0.018750 0.049074
1 0.481510 0.156944 0.016146 0.047222
1 0.482031 0.141204 0.015104 0.060185
1 0.596615 0.135185 0.013021 0.057407
1 0.567448 0.136574 0.014063 0.054630
1 0.559375 0.133796 0.013542 0.047222
0 0.824219 0.118981 0.129688 0.237963
0 0.902865 0.134722 0.038021 0.126852
0 0.930469 0.168056 0.031771 0.049074
0 0.967708 0.177315 0.058333 0.093519
0 0.989844 0.166667 0.019271 0.068519
1 0.672135 0.145833 0.019271 0.034259
1 0.304948 0.120370 0.009896 0.057407
0 0.982292 0.118519 0.033333 0.025926
