0 0.077083 0.224074 0.112500 0.261111
0 0.124479 0.151852 0.068750 0.151852
0 0.809635 0.221296 0.379688 0.442593
0 0.554427 0.235185 0.247396 0.275926
0 0.432292 0.218056 0.042708 0.093519
0 0.356771 0.206481 0.112500 0.151852
0 0.294010 0.196296 0.060937 0.105556
0 0.253125 0.194907 0.046875 0.075000
0 0.239063 0.188889 0.041667 0.066667
0 0.216146 0.191667 0.019792 0.050000
0 0.207031 0.189352 0.017188 0.041667
0 0.198177 0.188426 0.015104 0.036111
0 0.188281 0.186574 0.016146 0.034259
0 0.183333 0.182407 0.013542 0.035185
0 0.168490 0.181019 0.019271 0.034259
0 0.158333 0.171296 0.014583 0.025926
