0 0.036979 0.118519 0.047917 0.116667
0 0.093490 0.170833 0.048438 0.065741
0 0.069792 0.148611 0.019792 0.025000
0 0.067187 0.170370 0.014583 0.024074
0 0.121354 0.171296 0.015625 0.024074
0 0.150260 0.176389 0.030729 0.023148
0 0.168490 0.178241 0.018229 0.025000
0 0.185938 0.174537 0.021875 0.034259
0 0.188802 0.177778 0.019271 0.035185
0 0.209115 0.178704 0.034896 0.042593
0 0.227865 0.175463 0.021354 0.032407
1 0.518750 0.199537 0.018750 0.087963
1 0.916146 0.268056 0.044792 0.075000
1 0.952604 0.268981 0.029167 0.075000
