0 0.895052 0.212037 0.206771 0.424074
0 0.777865 0.231481 0.125521 0.170370
0 0.750000 0.172222 0.079167 0.042593
0 0.718229 0.209722 0.087500 0.052778
0 0.225521 0.112500 0.031250 0.039815
0 0.170313 0.111574 0.019792 0.045370
0 0.189323 0.120833 0.046354 0.060185
0 0.166146 0.086574 0.020833 0.054630
0 0.145313 0.081019 0.019792 0.043519
0 0.139844 0.137037 0.042188 0.074074
0 0.092708 0.176389 0.118750 0.150926
0 0.057292 0.064815 0.061458 0.044444
0 0.144271 0.090741 0.013542 0.025926
0 0.454688 0.201389 0.446875 0.400926
