0 0.217708 0.135648 0.144792 0.271296
0 0.300781 0.172685 0.036979 0.093519
0 0.355990 0.204630 0.060937 0.098148
0 0.389062 0.199074 0.028125 0.072222
0 0.410938 0.200463 0.021875 0.045370
0 0.438802 0.198148 0.034896 0.037037
0 0.464323 0.194444 0.020313 0.031481
0 0.475260 0.200000 0.028646 0.029630
0 0.485156 0.193056 0.021354 0.034259
0 0.506771 0.199074 0.023958 0.027778
0 0.532552 0.202315 0.020313 0.023148
0 0.562760 0.192130 0.041146 0.065741
1 0.715365 0.255556 0.027604 0.029630
0 0.783854 0.288889 0.061458 0.112963
1 0.784375 0.259259 0.045833 0.161111
0 0.853125 0.303704 0.064583 0.109259
1 0.851302 0.275926 0.050521 0.155556
0 0.903646 0.301389 0.057292 0.130556
1 0.902083 0.268981 0.034375 0.104630
0 0.889583 0.220370 0.125000 0.072222
0 0.955990 0.274074 0.078646 0.066667
0 0.984115 0.333796 0.030729 0.091667
1 0.985156 0.308333 0.028646 0.133333
0 0.427865 0.167130 0.049479 0.052778
1 0.138542 0.168519 0.009375 0.044444
1 0.613021 0.223148 0.010417 0.042593
1 0.655208 0.229167 0.009375 0.043519
1 0.629687 0.231481 0.005208 0.038889
1 0.071094 0.168056 0.013021 0.050926
