0 0.066927 0.175926 0.017188 0.029630
0 0.082812 0.192593 0.029167 0.037037
0 0.116146 0.196759 0.032292 0.049074
0 0.126823 0.190741 0.026562 0.051852
0 0.156771 0.189815 0.019792 0.040741
0 0.173698 0.197685 0.035937 0.054630
0 0.230990 0.201852 0.022396 0.051852
0 0.246094 0.200000 0.022396 0.059259
0 0.253385 0.204167 0.015104 0.060185
0 0.317969 0.144907 0.132812 0.200926
0 0.404427 0.193056 0.134896 0.175000
0 0.463021 0.215278 0.067708 0.099074
0 0.518750 0.222685 0.062500 0.080556
0 0.629427 0.240741 0.186979 0.153704
0 0.875000 0.280556 0.248958 0.244444
0 0.772917 0.260648 0.066667 0.102778
