0 0.596354 0.238426 0.265625 0.154630
0 0.957031 0.265278 0.084896 0.112037
1 0.890365 0.243056 0.026562 0.113889
1 0.465104 0.184259 0.018750 0.087037
1 0.447396 0.182407 0.015625 0.087037
1 0.416667 0.196759 0.018750 0.119444
1 0.391406 0.196296 0.018229 0.135185
1 0.374479 0.195833 0.020833 0.119444
1 0.337760 0.165278 0.025521 0.063889
1 0.292448 0.155093 0.015104 0.062037
1 0.700781 0.183796 0.008854 0.032407
1 0.778385 0.197685 0.009896 0.063889
1 0.774219 0.198611 0.008854 0.054630
0 0.837240 0.228241 0.023438 0.056481
