0 0.063021 0.156944 0.041667 0.082407
0 0.112760 0.181944 0.041146 0.052778
0 0.192188 0.185185 0.093750 0.142593
0 0.241406 0.180093 0.023438 0.067593
0 0.271094 0.178704 0.053646 0.098148
0 0.287500 0.196759 0.035417 0.084259
0 0.338281 0.195370 0.094271 0.124074
0 0.442188 0.210185 0.153125 0.185185
0 0.682552 0.205556 0.368229 0.392593
0 0.895833 0.229630 0.090625 0.268519
0 0.927604 0.095833 0.143750 0.191667
0 0.945833 0.231944 0.107292 0.237963
0 0.948958 0.377778 0.101042 0.285185
0 0.109896 0.170370 0.054167 0.037037
