1 0.180208 0.327315 0.016667 0.123148
1 0.192708 0.319444 0.017708 0.122222
1 0.373698 0.300926 0.018229 0.087037
1 0.495312 0.307407 0.032292 0.203704
1 0.528646 0.309259 0.020833 0.107407
1 0.577083 0.308796 0.036458 0.123148
1 0.628906 0.307870 0.039062 0.199074
1 0.649479 0.315278 0.015625 0.143519
1 0.667448 0.314352 0.024479 0.180556
1 0.691927 0.325926 0.027604 0.181481
1 0.751563 0.340278 0.020833 0.091667
1 0.772656 0.345833 0.031771 0.136111
1 0.842448 0.335185 0.016146 0.083333
1 0.764844 0.339352 0.026562 0.117593
0 0.896875 0.478704 0.205208 0.277778
1 0.490625 0.305556 0.040625 0.129630
