0 0.896875 0.476852 0.205208 0.279630
1 0.877604 0.351389 0.012500 0.049074
1 0.759375 0.338426 0.036458 0.119444
1 0.690365 0.325463 0.028646 0.182407
1 0.667708 0.313889 0.028125 0.177778
1 0.645833 0.315278 0.020833 0.143519
1 0.629948 0.309722 0.043229 0.199074
1 0.573177 0.312037 0.026562 0.112963
1 0.567969 0.304167 0.019271 0.134259
1 0.494531 0.310185 0.033854 0.200000
1 0.452083 0.297685 0.015625 0.108333
1 0.403385 0.299537 0.019271 0.100926
1 0.348177 0.299074 0.026562 0.140741
1 0.180469 0.326389 0.014063 0.121296
