0 0.137240 0.352315 0.055729 0.060185
0 0.212760 0.331019 0.044271 0.047222
0 0.259115 0.320833 0.035937 0.037963
1 0.301042 0.329630 0.014583 0.081481
1 0.365625 0.312963 0.019792 0.114815
1 0.379948 0.309259 0.013021 0.077778
0 0.309635 0.315278 0.033854 0.034259
0 0.323958 0.299537 0.033333 0.039815
0 0.347917 0.318519 0.022917 0.046296
0 0.399740 0.308796 0.032813 0.037963
0 0.421875 0.306481 0.015625 0.025926
0 0.426302 0.303241 0.021354 0.026852
1 0.552604 0.306944 0.015625 0.050926
1 0.549479 0.310185 0.023958 0.042593
0 0.852865 0.368056 0.015104 0.030556
1 0.922135 0.418981 0.071354 0.104630
1 0.951042 0.411574 0.072917 0.078704
