1 0.153385 0.333333 0.016146 0.116667
1 0.219271 0.317130 0.022917 0.139815
1 0.278906 0.313426 0.031771 0.115741
1 0.420312 0.307870 0.035417 0.204630
1 0.341406 0.308333 0.013021 0.079630
1 0.559635 0.305093 0.042188 0.200926
1 0.444792 0.298611 0.026042 0.115741
1 0.474479 0.305093 0.020833 0.104630
1 0.604427 0.303241 0.032813 0.184259
1 0.626563 0.316204 0.029167 0.189815
1 0.875000 0.314352 0.019792 0.041667
0 0.860677 0.469444 0.277604 0.303704
1 0.036458 0.365278 0.012500 0.097222
1 0.600260 0.306481 0.039062 0.146296
