1 0.876302 0.381019 0.017188 0.089815
0 0.908594 0.402315 0.028646 0.056481
0 0.958073 0.424537 0.082812 0.108333
0 0.732812 0.345370 0.082292 0.059259
0 0.588281 0.316204 0.041146 0.036111
0 0.584635 0.318519 0.034896 0.031481
0 0.583333 0.318519 0.040625 0.035185
0 0.555729 0.312500 0.055208 0.045370
0 0.528646 0.306019 0.056250 0.049074
0 0.490104 0.307870 0.091667 0.062037
0 0.425000 0.309259 0.040625 0.042593
0 0.404427 0.314352 0.035937 0.052778
0 0.349219 0.312963 0.146354 0.109259
0 0.246094 0.318981 0.054688 0.082407
0 0.176042 0.330093 0.033333 0.078704
0 0.067708 0.380556 0.043750 0.062963
0 0.030208 0.383796 0.041667 0.062037
1 0.208073 0.327778 0.041146 0.194444
1 0.154167 0.339815 0.023958 0.135185
1 0.136979 0.347685 0.025000 0.132407
1 0.105469 0.352315 0.020313 0.154630
1 0.077344 0.362037 0.027604 0.157407
1 0.067448 0.362500 0.028646 0.119444
1 0.658333 0.325000 0.012500 0.046296
