0 0.397656 0.331944 0.151562 0.123148
0 0.478125 0.312963 0.013542 0.024074
0 0.491146 0.314352 0.017708 0.026852
0 0.498698 0.318056 0.015104 0.025000
0 0.515885 0.317130 0.024479 0.036111
0 0.539583 0.322685 0.033333 0.039815
0 0.575260 0.327315 0.046354 0.052778
0 0.646615 0.329167 0.094271 0.097222
0 0.715365 0.346296 0.065104 0.070370
0 0.780469 0.354630 0.095312 0.096296
1 0.878125 0.387037 0.019792 0.103704
1 0.928385 0.402315 0.021354 0.117593
1 0.168490 0.330093 0.005729 0.030556
1 0.215104 0.319907 0.005208 0.028704
