0 0.948698 0.431019 0.101562 0.091667
0 0.496094 0.337037 0.113021 0.105556
0 0.425000 0.326852 0.046875 0.048148
0 0.393490 0.332407 0.017188 0.027778
0 0.390365 0.329630 0.022396 0.029630
0 0.364844 0.329630 0.024479 0.029630
0 0.350000 0.333796 0.039583 0.032407
0 0.298177 0.334259 0.059896 0.050000
0 0.238281 0.345833 0.059896 0.043519
0 0.053646 0.388426 0.033333 0.043519
0 0.023698 0.403704 0.039062 0.051852
1 0.133854 0.361574 0.025000 0.149074
1 0.629687 0.343519 0.015625 0.077778
1 0.663802 0.341667 0.015104 0.083333
1 0.736979 0.350000 0.019792 0.072222
1 0.770312 0.350926 0.021875 0.072222
1 0.777344 0.354630 0.013021 0.068519
1 0.027604 0.358333 0.017708 0.083333
1 0.138281 0.378241 0.023438 0.097222
1 0.751563 0.352778 0.013542 0.072222
1 0.004167 0.396759 0.008333 0.154630
