0 0.432812 0.322685 0.021875 0.026852
0 0.414323 0.322222 0.028646 0.027778
0 0.387760 0.326389 0.038021 0.028704
0 0.335677 0.332870 0.080729 0.071296
0 0.291406 0.330556 0.022396 0.031481
0 0.244531 0.351389 0.085938 0.073148
0 0.210417 0.340741 0.040625 0.038889
0 0.162500 0.346296 0.045833 0.050000
0 0.122917 0.352315 0.021875 0.030556
0 0.100781 0.355556 0.028646 0.037037
0 0.057031 0.369444 0.027604 0.042593
0 0.023958 0.381019 0.018750 0.032407
0 0.007031 0.384259 0.014063 0.027778
0 0.522917 0.320833 0.028125 0.021296
