0 0.534375 0.325926 0.020833 0.029630
0 0.478906 0.316204 0.029687 0.034259
0 0.470313 0.329630 0.034375 0.037037
0 0.424479 0.307870 0.063542 0.073148
0 0.365625 0.332870 0.057292 0.041667
0 0.335417 0.336111 0.019792 0.035185
0 0.309115 0.337963 0.033854 0.031481
0 0.265625 0.340278 0.054167 0.047222
0 0.146615 0.362037 0.051562 0.057407
1 0.136979 0.381019 0.026042 0.104630
1 0.028906 0.368981 0.021354 0.099074
1 0.122656 0.366667 0.024479 0.144444
1 0.632292 0.329167 0.011458 0.060185
1 0.794271 0.353704 0.010417 0.064815
1 0.801823 0.357407 0.007812 0.055556
1 0.003906 0.398148 0.007812 0.153704
