1 0.008594 0.389352 0.017188 0.147222
1 0.069531 0.364815 0.015104 0.148148
1 0.082552 0.375463 0.020313 0.099074
1 0.099740 0.357870 0.020313 0.149074
1 0.170833 0.351389 0.027083 0.113889
1 0.190365 0.356019 0.029687 0.104630
1 0.744531 0.334259 0.029687 0.155556
0 0.654427 0.306944 0.042188 0.039815
0 0.719531 0.338889 0.152604 0.105556
0 0.814844 0.355556 0.043229 0.035185
0 0.829167 0.359722 0.033333 0.034259
0 0.837500 0.362500 0.029167 0.037963
0 0.848437 0.365278 0.033333 0.037963
0 0.865625 0.362500 0.040625 0.032407
0 0.876563 0.370370 0.050000 0.037037
0 0.900000 0.377778 0.045833 0.053704
0 0.933854 0.389352 0.070833 0.063889
0 0.963802 0.405093 0.065104 0.063889
1 0.393490 0.305556 0.007812 0.027778
