1 0.950260 0.393519 0.020313 0.155556
1 0.833073 0.360648 0.040104 0.189815
1 0.822917 0.357407 0.038542 0.181481
1 0.766146 0.344907 0.020833 0.154630
1 0.754427 0.335185 0.023438 0.159259
1 0.595573 0.310185 0.029687 0.174074
1 0.116406 0.352778 0.021354 0.124074
0 0.533854 0.317593 0.034375 0.027778
0 0.525781 0.318519 0.033854 0.025926
0 0.513281 0.315741 0.038021 0.029630
0 0.501042 0.315741 0.033333 0.031481
0 0.486719 0.317130 0.039062 0.032407
0 0.470052 0.314815 0.040104 0.037037
0 0.455469 0.315741 0.049479 0.040741
0 0.423438 0.313426 0.062500 0.049074
0 0.395313 0.315741 0.066667 0.051852
0 0.348177 0.318056 0.086979 0.063889
0 0.308333 0.322685 0.070833 0.065741
0 0.272135 0.325463 0.067187 0.069444
0 0.222656 0.336574 0.111979 0.089815
0 0.628906 0.293056 0.142187 0.047222
0 0.624740 0.321759 0.143229 0.097222
0 0.721354 0.333333 0.035417 0.055556
0 0.803385 0.352778 0.113021 0.112963
0 0.888281 0.385648 0.054688 0.047222
0 0.992969 0.427315 0.013021 0.030556
0 0.970313 0.416204 0.025000 0.041667
