1 0.316667 0.343519 0.039583 0.155556
0 0.276562 0.335185 0.051042 0.062963
0 0.344792 0.324074 0.055208 0.092593
0 0.381510 0.328241 0.017188 0.039815
0 0.388021 0.324537 0.017708 0.036111
0 0.422396 0.333333 0.053125 0.070370
0 0.462240 0.329630 0.015104 0.037037
0 0.471875 0.332407 0.015625 0.048148
0 0.511198 0.330093 0.068229 0.099074
1 0.514323 0.338889 0.019271 0.131481
1 0.733333 0.377778 0.028125 0.127778
1 0.753906 0.381944 0.036979 0.145370
1 0.821354 0.393519 0.021875 0.118519
0 0.953906 0.399074 0.072396 0.088889
