1 0.934635 0.424537 0.025521 0.169444
1 0.816927 0.368056 0.032813 0.121296
1 0.278646 0.369907 0.018750 0.086111
1 0.266146 0.381019 0.016667 0.099074
0 0.023177 0.475463 0.046354 0.200926
0 0.531510 0.349074 0.038021 0.046296
0 0.559635 0.343056 0.014063 0.039815
0 0.592969 0.346759 0.064062 0.060185
0 0.658854 0.350926 0.065625 0.051852
0 0.625781 0.338889 0.018229 0.024074
0 0.719271 0.358333 0.065625 0.057407
0 0.761198 0.368519 0.040104 0.037037
0 0.802865 0.375000 0.031771 0.040741
0 0.777083 0.371759 0.017708 0.030556
0 0.859896 0.388889 0.059375 0.055556
0 0.894792 0.392593 0.043750 0.051852
0 0.954427 0.407407 0.015104 0.040741
0 0.971094 0.309259 0.056771 0.475926
