0 0.522135 0.326389 0.027604 0.037963
0 0.490625 0.317593 0.022917 0.031481
0 0.447396 0.307407 0.048958 0.061111
0 0.426042 0.331481 0.046875 0.051852
0 0.388542 0.330556 0.034375 0.031481
0 0.370052 0.330556 0.014063 0.024074
0 0.328125 0.332407 0.038542 0.037037
0 0.344010 0.335185 0.045312 0.040741
0 0.227344 0.347685 0.064062 0.050926
0 0.058594 0.386111 0.045312 0.061111
1 0.029427 0.375000 0.022396 0.109259
1 0.125260 0.360185 0.028646 0.161111
1 0.137500 0.381019 0.025000 0.104630
1 0.783073 0.352778 0.013021 0.059259
1 0.636458 0.331019 0.012500 0.063889
1 0.792708 0.356019 0.007292 0.060185
1 0.798958 0.356944 0.006250 0.058333
1 0.804688 0.358333 0.005208 0.053704
1 0.003906 0.396759 0.007812 0.156481
