0 0.515104 0.331019 0.042708 0.034259
0 0.439844 0.315741 0.046354 0.044444
0 0.340885 0.308333 0.102604 0.098148
0 0.267708 0.343981 0.047917 0.032407
0 0.111719 0.379167 0.077604 0.063889
0 0.026302 0.393519 0.040104 0.061111
1 0.026562 0.373611 0.014583 0.095370
1 0.123958 0.366204 0.026042 0.145370
1 0.137240 0.380556 0.025521 0.103704
1 0.625781 0.329630 0.009896 0.053704
1 0.610938 0.325926 0.007292 0.055556
1 0.818490 0.362037 0.006771 0.048148
1 0.825781 0.364352 0.007812 0.047222
1 0.005729 0.405556 0.011458 0.137037
