0 0.498177 0.327778 0.041146 0.053704
0 0.459635 0.308796 0.046354 0.058333
0 0.364583 0.331019 0.031250 0.036111
0 0.405729 0.343056 0.068750 0.091667
0 0.297917 0.337037 0.053125 0.038889
0 0.288542 0.337963 0.042708 0.042593
0 0.172656 0.355556 0.050521 0.046296
0 0.072396 0.387500 0.015625 0.049074
0 0.037760 0.395833 0.065104 0.067593
1 0.028646 0.371759 0.021875 0.100926
1 0.126562 0.368519 0.031250 0.142593
1 0.136719 0.382407 0.026562 0.098148
1 0.642969 0.332870 0.013021 0.069444
1 0.770052 0.351389 0.015104 0.065741
1 0.800521 0.354630 0.012500 0.059259
1 0.779167 0.354167 0.011458 0.060185
1 0.790885 0.353241 0.009896 0.060185
1 0.623958 0.333333 0.012500 0.068519
1 0.004167 0.397685 0.008333 0.152778
