0 0.540625 0.325463 0.015625 0.023148
0 0.506510 0.327778 0.025521 0.027778
0 0.464583 0.313426 0.034375 0.036111
0 0.394271 0.306481 0.078125 0.079630
0 0.438802 0.330556 0.077604 0.042593
0 0.332813 0.336574 0.038542 0.026852
0 0.267188 0.342130 0.058333 0.045370
0 0.223438 0.349074 0.046875 0.040741
0 0.172917 0.356019 0.054167 0.058333
0 0.032292 0.395370 0.052083 0.070370
1 0.027604 0.367130 0.017708 0.097222
1 0.124219 0.364352 0.028646 0.145370
1 0.136979 0.380556 0.026042 0.105556
1 0.629427 0.327315 0.010937 0.054630
1 0.610156 0.327778 0.008854 0.053704
1 0.802604 0.358333 0.009375 0.051852
1 0.820312 0.362963 0.009375 0.050000
1 0.004427 0.396759 0.008854 0.160185
