1 0.035677 0.375000 0.046354 0.200000
1 0.043750 0.450463 0.079167 0.139815
1 0.159115 0.346296 0.045312 0.233333
1 0.182031 0.326389 0.017188 0.119444
1 0.378385 0.310648 0.013021 0.063889
1 0.494531 0.307407 0.031771 0.205556
1 0.587500 0.306019 0.027083 0.134259
1 0.630208 0.308796 0.038542 0.199074
1 0.645573 0.312037 0.015104 0.142593
1 0.665365 0.312037 0.024479 0.181481
1 0.685417 0.324537 0.029167 0.182407
1 0.700781 0.321296 0.014063 0.127778
1 0.776563 0.336574 0.016667 0.110185
1 0.827083 0.328241 0.013542 0.056481
0 0.896354 0.478241 0.205208 0.282407
