0 0.090365 0.190278 0.072396 0.049074
0 0.153125 0.184259 0.055208 0.042593
0 0.218490 0.177778 0.039062 0.033333
0 0.264062 0.172222 0.102083 0.040741
0 0.332292 0.151389 0.069792 0.047222
0 0.333594 0.166667 0.051562 0.025926
0 0.364583 0.142130 0.076042 0.063889
0 0.453385 0.154630 0.027604 0.024074
0 0.635938 0.129167 0.028125 0.041667
0 0.681250 0.127315 0.039583 0.030556
0 0.737240 0.162500 0.105729 0.130556
0 0.814323 0.138889 0.020313 0.025926
0 0.838802 0.133333 0.026562 0.044444
0 0.861198 0.122685 0.014063 0.030556
0 0.891406 0.122685 0.021354 0.052778
0 0.904948 0.134722 0.050521 0.069444
