1 0.525260 0.139815 0.007812 0.066667
1 0.504687 0.141667 0.007292 0.061111
1 0.498958 0.135648 0.007292 0.043519
0 0.598698 0.145370 0.025521 0.062963
0 0.635156 0.143056 0.072396 0.099074
1 0.672135 0.135648 0.006771 0.041667
1 0.677865 0.135185 0.006771 0.042593
1 0.697396 0.133796 0.008333 0.039815
1 0.702344 0.134722 0.005729 0.036111
1 0.712240 0.132407 0.005729 0.037037
1 0.718490 0.132407 0.004687 0.035185
1 0.722396 0.134722 0.009375 0.037963
1 0.727865 0.132407 0.008854 0.040741
1 0.779948 0.125000 0.008854 0.042593
1 0.809896 0.123148 0.008333 0.042593
1 0.833854 0.118056 0.008333 0.043519
1 0.840365 0.116667 0.005729 0.037037
1 0.844271 0.119907 0.005208 0.041667
0 0.833333 0.124074 0.023958 0.035185
0 0.793229 0.128241 0.023958 0.032407
0 0.889323 0.130093 0.083854 0.106481
