0 0.881250 0.177315 0.057292 0.052778
0 0.836458 0.176852 0.045833 0.046296
1 0.814583 0.158796 0.005208 0.041667
1 0.807031 0.160648 0.005729 0.041667
1 0.778646 0.166667 0.013542 0.077778
1 0.762500 0.147685 0.006250 0.026852
0 0.750000 0.169444 0.035417 0.035185
0 0.718490 0.168056 0.036979 0.032407
0 0.676562 0.167593 0.029167 0.031481
0 0.657552 0.150463 0.028646 0.062037
1 0.636198 0.161111 0.021354 0.081481
0 0.605208 0.157870 0.020833 0.030556
1 0.585677 0.167130 0.010937 0.065741
1 0.577604 0.159722 0.013542 0.091667
0 0.545573 0.165741 0.049479 0.059259
0 0.482552 0.162963 0.044271 0.066667
1 0.460677 0.163426 0.021354 0.076852
1 0.454167 0.164352 0.019792 0.078704
1 0.406510 0.173611 0.009896 0.065741
1 0.397396 0.172685 0.015625 0.071296
0 0.412240 0.173148 0.045312 0.057407
0 0.342448 0.184259 0.048438 0.061111
1 0.307031 0.182870 0.018229 0.073148
1 0.297396 0.180556 0.011458 0.075926
1 0.290885 0.179630 0.018229 0.079630
1 0.248958 0.189352 0.020833 0.073148
1 0.234375 0.183796 0.012500 0.067593
1 0.139063 0.198611 0.020833 0.067593
1 0.124740 0.199537 0.013021 0.067593
1 0.115885 0.200926 0.008854 0.064815
1 0.102344 0.204630 0.015104 0.062963
1 0.090365 0.199537 0.014063 0.076852
1 0.095833 0.204167 0.007292 0.060185
1 0.064844 0.205556 0.013021 0.064815
1 0.051562 0.206019 0.015625 0.071296
1 0.033333 0.206481 0.015625 0.077778
1 0.014323 0.208333 0.017188 0.068519
1 0.005469 0.211111 0.010937 0.066667
1 0.022917 0.211574 0.008333 0.062037
1 0.039323 0.206481 0.008854 0.066667
