0 0.147396 0.148611 0.294792 0.297222
0 0.299219 0.199074 0.066146 0.075926
0 0.333333 0.185648 0.027083 0.050926
0 0.395573 0.181481 0.059896 0.051852
0 0.554948 0.134259 0.054688 0.035185
0 0.613021 0.144444 0.048958 0.055556
0 0.666927 0.137500 0.070312 0.060185
0 0.417448 0.138889 0.052604 0.044444
0 0.676823 0.165278 0.079687 0.089815
0 0.769531 0.150926 0.047396 0.059259
0 0.792969 0.122685 0.033854 0.086111
0 0.815365 0.139815 0.015104 0.025926
0 0.840885 0.128241 0.015104 0.023148
0 0.907552 0.132870 0.021354 0.032407
