0 0.561198 0.056481 0.261979 0.070370
0 0.034635 0.120370 0.069271 0.103704
0 0.091667 0.106481 0.069792 0.075926
0 0.172656 0.118519 0.090104 0.096296
0 0.221094 0.115278 0.060937 0.093519
0 0.263021 0.116667 0.045833 0.081481
0 0.328125 0.099074 0.040625 0.048148
0 0.295312 0.100000 0.019792 0.046296
1 0.108073 0.191204 0.021354 0.149074
1 0.120573 0.196759 0.013021 0.137963
1 0.146354 0.188889 0.045833 0.207407
1 0.292448 0.183333 0.030729 0.159259
1 0.340885 0.167130 0.026562 0.136111
1 0.361458 0.161111 0.018750 0.085185
1 0.327865 0.160185 0.015104 0.114815
0 0.908333 0.159259 0.143750 0.318519
0 0.834115 0.051389 0.057813 0.084259
0 0.820833 0.152778 0.067708 0.131481
1 0.796094 0.120833 0.015104 0.043519
1 0.438542 0.156019 0.026042 0.108333
1 0.420052 0.156944 0.022396 0.106481
0 0.050000 0.186574 0.096875 0.086111
