1 0.593229 0.096759 0.022917 0.062037
1 0.892708 0.126389 0.006250 0.039815
1 0.886719 0.126852 0.006771 0.038889
1 0.880469 0.123611 0.011979 0.054630
1 0.871094 0.125926 0.006771 0.044444
1 0.864844 0.125000 0.011979 0.057407
1 0.825521 0.126852 0.016667 0.083333
1 0.808594 0.127778 0.013021 0.077778
1 0.792188 0.124074 0.013542 0.081481
1 0.770573 0.116204 0.013021 0.063889
1 0.702083 0.121296 0.012500 0.068519
1 0.694010 0.121296 0.019271 0.072222
0 0.928906 0.127315 0.065104 0.112037
0 0.497135 0.222685 0.263021 0.258333
