0 0.849219 0.158333 0.078646 0.103704
1 0.897396 0.132870 0.004167 0.037963
1 0.894010 0.132870 0.005729 0.037963
1 0.888021 0.134722 0.009375 0.036111
1 0.813802 0.137963 0.007812 0.037037
1 0.792969 0.143056 0.007812 0.034259
1 0.784896 0.142130 0.008333 0.037963
1 0.768229 0.144444 0.005208 0.038889
0 0.759896 0.149074 0.022917 0.029630
1 0.720833 0.153241 0.006250 0.032407
1 0.717448 0.153241 0.006771 0.036111
1 0.712500 0.152778 0.005208 0.033333
1 0.704167 0.154630 0.005208 0.031481
1 0.702083 0.153241 0.005208 0.036111
1 0.697656 0.153241 0.006771 0.036111
0 0.651302 0.168519 0.065104 0.094444
1 0.570312 0.161574 0.007292 0.047222
1 0.564323 0.162037 0.008854 0.051852
1 0.554688 0.164815 0.008333 0.046296
1 0.549740 0.168519 0.007812 0.046296
0 0.795833 0.143056 0.019792 0.028704
0 0.905208 0.131944 0.013542 0.021296
