0 0.874740 0.137037 0.020313 0.074074
0 0.847656 0.138889 0.064062 0.079630
1 0.839583 0.116667 0.026042 0.085185
0 0.615885 0.147222 0.059896 0.074074
1 0.617969 0.154167 0.007812 0.058333
1 0.609896 0.140278 0.020833 0.134259
1 0.760677 0.137963 0.048438 0.238889
1 0.058333 0.148148 0.091667 0.294444
1 0.070573 0.143056 0.041146 0.286111
0 0.085677 0.173148 0.171354 0.092593
0 0.197917 0.171296 0.065625 0.050000
0 0.286719 0.181019 0.156771 0.073148
0 0.379167 0.168981 0.114583 0.084259
0 0.503125 0.167593 0.186458 0.090741
0 0.457552 0.115278 0.078646 0.037963
0 0.300260 0.146296 0.068229 0.027778
0 0.926562 0.125000 0.112500 0.250000
1 0.718490 0.117130 0.006771 0.041667
