1 0.059896 0.220370 0.032292 0.150000
1 0.088802 0.208333 0.019271 0.135185
1 0.110156 0.201852 0.023438 0.138889
1 0.116146 0.209722 0.022917 0.125000
0 0.096615 0.212963 0.076563 0.074074
0 0.326042 0.195833 0.094792 0.123148
1 0.402083 0.178241 0.008333 0.054630
1 0.409375 0.177778 0.008333 0.050000
1 0.415104 0.172685 0.005208 0.054630
1 0.421094 0.177315 0.008854 0.050926
1 0.426823 0.174537 0.006771 0.050926
1 0.436979 0.170370 0.010417 0.050000
1 0.447917 0.174537 0.009375 0.047222
1 0.455208 0.171296 0.011458 0.055556
1 0.460156 0.168519 0.009896 0.059259
1 0.467187 0.168519 0.009375 0.061111
1 0.478646 0.168519 0.011458 0.053704
1 0.485938 0.168056 0.010417 0.050926
1 0.501823 0.166204 0.010937 0.050926
1 0.515625 0.164352 0.010417 0.050926
1 0.526302 0.161574 0.007812 0.050926
1 0.530729 0.161111 0.011458 0.059259
1 0.539323 0.162037 0.013021 0.055556
1 0.608333 0.151852 0.012500 0.061111
1 0.641146 0.153241 0.017708 0.060185
1 0.673438 0.145370 0.013542 0.064815
1 0.678646 0.146759 0.008333 0.062037
1 0.683854 0.146759 0.009375 0.060185
1 0.773438 0.140741 0.011458 0.055556
1 0.766406 0.138889 0.008854 0.057407
1 0.761458 0.137500 0.007292 0.058333
1 0.810417 0.131944 0.018750 0.067593
1 0.813802 0.131481 0.014063 0.061111
1 0.844531 0.130556 0.017188 0.070370
0 0.680469 0.151389 0.036979 0.052778
0 0.739844 0.143056 0.038021 0.050926
0 0.754687 0.127315 0.015625 0.025000
0 0.795833 0.132870 0.038542 0.058333
0 0.854427 0.133796 0.042188 0.050926
0 0.899219 0.126852 0.020313 0.029630
0 0.889844 0.122685 0.016146 0.032407
0 0.076823 0.178241 0.042188 0.034259
