0 0.222135 0.145833 0.217188 0.271296
0 0.347396 0.184259 0.078125 0.103704
0 0.394531 0.177315 0.068229 0.089815
0 0.478906 0.131944 0.111979 0.154630
0 0.529948 0.174074 0.015104 0.038889
0 0.600521 0.136111 0.045833 0.027778
0 0.663542 0.143519 0.067708 0.051852
0 0.703646 0.162037 0.065625 0.075926
0 0.775000 0.151852 0.042708 0.053704
0 0.798438 0.125463 0.030208 0.078704
0 0.833594 0.135648 0.015104 0.032407
0 0.894531 0.135648 0.019271 0.030556
0 0.927344 0.134259 0.018229 0.033333
0 0.942708 0.102315 0.026042 0.036111
