1 0.533854 0.126389 0.048958 0.243519
0 0.499740 0.157407 0.077604 0.192593
0 0.616667 0.127315 0.038542 0.049074
0 0.704688 0.132407 0.086458 0.031481
0 0.840885 0.120370 0.089063 0.148148
1 0.655729 0.115278 0.013542 0.076852
1 0.274219 0.125463 0.014063 0.104630
1 0.294531 0.114352 0.019271 0.093519
1 0.318750 0.101852 0.016667 0.048148
0 0.891927 0.120370 0.026562 0.035185
0 0.932813 0.125926 0.037500 0.066667
0 0.915365 0.085185 0.018229 0.029630
0 0.926823 0.100926 0.025521 0.029630
1 0.626563 0.168519 0.026042 0.096296
1 0.761719 0.118056 0.008854 0.036111
1 0.770052 0.118519 0.007812 0.040741
1 0.790104 0.125463 0.013542 0.069444
