1 0.130729 0.186574 0.047917 0.162037
1 0.516146 0.120833 0.019792 0.080556
1 0.572396 0.087037 0.019792 0.035185
1 0.543490 0.165278 0.049479 0.223148
0 0.545573 0.195370 0.164062 0.170370
0 0.629948 0.189815 0.060937 0.153704
0 0.228385 0.163889 0.030729 0.059259
0 0.319271 0.159259 0.022917 0.057407
0 0.895573 0.198148 0.167187 0.394444
0 0.803646 0.163889 0.018750 0.066667
0 0.790365 0.164815 0.017188 0.057407
0 0.774219 0.169907 0.020313 0.041667
0 0.732812 0.169907 0.026042 0.034259
0 0.768490 0.132407 0.016146 0.024074
0 0.753125 0.107870 0.017708 0.025000
0 0.750781 0.131019 0.015104 0.026852
0 0.126302 0.204167 0.116146 0.134259
0 0.035937 0.160185 0.025000 0.057407
