0 0.050521 0.337500 0.101042 0.476852
0 0.194792 0.289815 0.293750 0.355556
1 0.160938 0.255556 0.112500 0.470370
1 0.474479 0.176852 0.021875 0.125926
1 0.519792 0.187500 0.013542 0.145370
1 0.597396 0.176852 0.021875 0.137037
0 0.909896 0.156944 0.043750 0.060185
0 0.885938 0.169907 0.016667 0.067593
0 0.869271 0.174074 0.021875 0.048148
0 0.821875 0.168981 0.079167 0.134259
0 0.867448 0.129630 0.016146 0.029630
0 0.144010 0.244444 0.181771 0.205556
1 0.102604 0.078704 0.026042 0.048148
1 0.543490 0.171759 0.010937 0.113889
1 0.377344 0.135648 0.010937 0.023148
