0 0.911198 0.141204 0.113021 0.195370
0 0.845052 0.156019 0.021354 0.080556
0 0.735677 0.164815 0.036979 0.074074
0 0.717187 0.161111 0.030208 0.077778
0 0.657552 0.158796 0.105729 0.180556
0 0.792448 0.142130 0.095312 0.134259
1 0.397135 0.181944 0.015104 0.121296
1 0.270573 0.212500 0.084896 0.317593
1 0.352865 0.151389 0.020313 0.063889
1 0.156510 0.211111 0.098437 0.366667
0 0.167187 0.261574 0.255208 0.300926
0 0.321875 0.228241 0.139583 0.260185
1 0.418229 0.165278 0.010417 0.099074
1 0.457292 0.180093 0.006250 0.099074
