1 0.929948 0.126389 0.004687 0.023148
1 0.916146 0.141204 0.003125 0.034259
1 0.907552 0.137500 0.007812 0.036111
1 0.902604 0.137037 0.007292 0.040741
1 0.895573 0.136574 0.008854 0.043519
1 0.886458 0.137500 0.005208 0.037963
1 0.879687 0.136111 0.007292 0.038889
1 0.872917 0.136574 0.006250 0.037963
1 0.865365 0.133333 0.011979 0.053704
1 0.858854 0.135185 0.007292 0.040741
1 0.850781 0.135648 0.008854 0.049074
1 0.841406 0.131944 0.011979 0.047222
1 0.808333 0.127778 0.013542 0.061111
1 0.791927 0.137037 0.013021 0.075926
1 0.773438 0.134722 0.013542 0.078704
1 0.749479 0.131944 0.010417 0.078704
1 0.673698 0.142130 0.020313 0.112037
0 0.587760 0.206019 0.182812 0.189815
1 0.217969 0.192593 0.053646 0.246296
1 0.109115 0.171296 0.036979 0.205556
1 0.092188 0.168056 0.036458 0.212037
