0 0.559635 0.182870 0.022396 0.030556
0 0.601562 0.181944 0.019792 0.041667
0 0.616406 0.177778 0.014063 0.055556
0 0.791406 0.210185 0.335938 0.420370
0 0.606771 0.123611 0.013542 0.034259
0 0.591927 0.143519 0.013021 0.027778
0 0.580208 0.117130 0.014583 0.023148
0 0.577865 0.140741 0.014063 0.025926
1 0.317708 0.183333 0.061458 0.264815
1 0.366406 0.097222 0.020313 0.042593
0 0.325260 0.218519 0.195312 0.212963
0 0.427604 0.211111 0.075000 0.177778
0 0.117188 0.178704 0.025000 0.061111
0 0.016667 0.184722 0.033333 0.063889
